,0,1,2,3,4,5,6,7,8,9,10
0,1.743613886084215,1.74362524394842,1.7435543727469947,1.743900455793654,1.7440620763562307,1.7434750225108016,1.7437637220320996,1.7439511133432672,1.7437370219016741,1.7437501368342658,1.7437171816917365
1,1.74362524394842,1.7438584913909811,1.7434557977712593,1.7443812202654219,1.7442714745840582,1.7434972892795886,1.7439475735385672,1.7439939716523176,1.7439031512296006,1.7439295149318543,1.7436324739061664
2,1.7435543727469947,1.7434557977712593,1.7439654022120543,1.7433585192427474,1.7439488894613382,1.7436200099670573,1.7438035779770884,1.7438910250315434,1.743767025474223,1.7438364640997996,1.7443712316553268
3,1.743900455793654,1.7443812202654219,1.7433585192427474,1.746241527272233,1.7451512174139263,1.7437464403557266,1.744549611161696,1.7444515351383707,1.744476888266853,1.7444643688395762,1.7434507599051834
4,1.7440620763562307,1.7442714745840582,1.7439488894613382,1.7451512174139263,1.7450867838233084,1.7439949037689775,1.74457163066608,1.7446118686718983,1.7445000280366731,1.7445706993171413,1.7442557004723371
5,1.7434750225108016,1.7434972892795886,1.7436200099670573,1.7437464403557266,1.7439949037689775,1.743547986670432,1.7437834930571854,1.7438454956764335,1.7437644413700992,1.7437859657787835,1.7439825452063469
6,1.7437637220320996,1.7439475735385672,1.7438035779770884,1.744549611161696,1.74457163066608,1.7437834930571854,1.7443246739330525,1.7442114592882625,1.7441666565033338,1.744228565832233,1.7441670810615297
7,1.7439511133432672,1.7439939716523176,1.7438910250315434,1.7444515351383707,1.7446118686718983,1.7438454956764335,1.7442114592882625,1.7444488521135142,1.7441954965991429,1.744224818220374,1.7441841161528566
8,1.7437370219016741,1.7439031512296006,1.743767025474223,1.744476888266853,1.7445000280366731,1.7437644413700992,1.7441666565033338,1.7441954965991429,1.744205965706749,1.7441950765525176,1.7441696897175072
9,1.7437501368342658,1.7439295149318543,1.7438364640997996,1.7444643688395762,1.7445706993171413,1.7437859657787835,1.744228565832233,1.744224818220374,1.7441950765525176,1.744382091397637,1.7442489785954562
10,1.7437171816917365,1.7436324739061664,1.7443712316553268,1.7434507599051834,1.7442557004723371,1.7439825452063469,1.7441670810615297,1.7441841161528566,1.7441696897175072,1.7442489785954562,1.7451493817071517
