,0,1,2,3,4,5,6,7,8,9,10
0,0.001312098271743835,0.0013372979040381027,0.0012511780049181652,0.0016396147679698686,0.0017895046633376553,0.0011858548860808802,0.001494073474474355,0.0016603794325127787,0.0014593671869617898,0.001472002350382688,0.0014343364296655673
1,0.0013372979040381027,0.0016025920906819738,0.0011483219249905682,0.0021833803456613233,0.0020389280742227366,0.001226704966021394,0.0017169534508690708,0.0017248689379586652,0.0016607477719460747,0.0016834884618908959,0.0013577186456093376
2,0.0012511780049181652,0.0011483219249905682,0.0017512765638071674,0.001066729043115275,0.0017023176066030498,0.001378942649043467,0.0015835443672897465,0.0016202945289503373,0.00151220852626531,0.0015968493916582384,0.002228684259319367
3,0.0016396147679698686,0.0021833803456613233,0.001066729043115275,0.004160555877570362,0.003005283358939307,0.001524595494021049,0.002409264489620786,0.0022311653030344463,0.0023104722650740535,0.0022914499403063294,0.0012300831307927886
4,0.0017895046633376553,0.0020389280742227366,0.0017023176066030498,0.003005283358939307,0.00292101583823791,0.0017811578537257648,0.002423574988413577,0.0023834744248800114,0.002316203891004084,0.002390531073104492,0.0020944133285957386
5,0.0011858548860808802,0.001226704966021394,0.001378942649043467,0.001524595494021049,0.0017811578537257648,0.0013141843873963183,0.0015900235383068371,0.0015906910780887453,0.0015388185354916388,0.0015693062929522219,0.0018122900813690582
6,0.001494073474474355,0.0017169534508690708,0.0015835443672897465,0.002409264489620786,0.002423574988413577,0.0015900235383068371,0.0022019517104147324,0.0019942606423336154,0.00199861154298184,0.0020689093566520185,0.0020512560022628266
7,0.0016603794325127787,0.0017248689379586652,0.0016202945289503373,0.0022311653030344463,0.0023834744248800114,0.0015906910780887453,0.0019942606423336154,0.002184582797613379,0.0019565632104774047,0.001988590931308273,0.0019648136753729886
8,0.0014593671869617898,0.0016607477719460747,0.00151220852626531,0.0023104722650740535,0.002316203891004084,0.0015388185354916388,0.00199861154298184,0.0019565632104774047,0.0020063555872702754,0.0019989293101075533,0.001989834735313609
9,0.001472002350382688,0.0016834884618908959,0.0015968493916582384,0.0022914499403063294,0.002390531073104492,0.0015693062929522219,0.0020689093566520185,0.001988590931308273,0.0019989293101075533,0.0021929426241013993,0.0020928891356765556
10,0.0014343364296655673,0.0013577186456093376,0.002228684259319367,0.0012300831307927886,0.0020944133285957386,0.0018122900813690582,0.0020512560022628266,0.0019648136753729886,0.001989834735313609,0.0020928891356765556,0.0031426836255929774
