,0,1,2,3,4,5,6,7,8,9,10
0,0.003231370563673476,0.003926377487024384,0.002235846196886165,0.004349924050835723,0.0038356976425289392,0.003157682722949186,0.003017202497017895,0.004900302471600017,0.0032996881343035364,0.0006028295503402594,0.0008450116846229432
1,0.003926377487024384,0.005091219890581787,0.002495255225186948,0.005832479615942512,0.004804141910379915,0.003896446073886643,0.0037810822524325547,0.0061001663243405455,0.004147607020172847,0.0005174459847844429,0.0005908891028520008
2,0.002235846196886165,0.002495255225186948,0.00217005565337339,0.0024900814452035007,0.0027292816710588396,0.002345279350332738,0.002321173109120509,0.0032608369141128575,0.0024364980990060595,0.0011209464924280383,0.0017956933568185629
3,0.004349924050835723,0.005832479615942512,0.0024900814452035007,0.007975442551754839,0.005903500460578127,0.004326342546567095,0.004576811559916888,0.006814678861126417,0.004916845911453522,0.0010754421656312975,0.0004475361149806832
4,0.0038356976425289392,0.004804141910379915,0.0027292816710588396,0.005903500460578127,0.0050964954067073695,0.0038714183411608896,0.004035858888746396,0.005831927119171531,0.0042729754694674285,0.0014559616450825893,0.0014316107549721916
5,0.003157682722949186,0.003896446073886643,0.002345279350332738,0.004326342546567095,0.0038714183411608896,0.0033162607138455574,0.0031318973320328515,0.004907969413406002,0.003419114370162615,0.0006606154039297694,0.0011383373620724698
6,0.003017202497017895,0.0037810822524325547,0.002321173109120509,0.004576811559916888,0.004035858888746396,0.0031318973320328515,0.0033884966106523676,0.004554465346702102,0.0034490098312476426,0.0013639371011843126,0.0015173375670976515
7,0.004900302471600017,0.0061001663243405455,0.0032608369141128575,0.006814678861126417,0.005831927119171531,0.004907969413406002,0.004554465346702102,0.0076484579219207455,0.005058222637947925,0.0005138189834454094,0.000937198716455604
8,0.0032996881343035364,0.004147607020172847,0.0024364980990060595,0.004916845911453522,0.0042729754694674285,0.003419114370162615,0.0034490098312476426,0.005058222637947925,0.003766401683068644,0.0011586147716664895,0.0013947020561984576
9,0.0006028295503402594,0.0005174459847844429,0.0011209464924280383,0.0010754421656312975,0.0014559616450825893,0.0006606154039297694,0.0013639371011843126,0.0005138189834454094,0.0011586147716664895,0.0025761579484573456,0.0023144406781626277
10,0.0008450116846229432,0.0005908891028520008,0.0017956933568185629,0.0004475361149806832,0.0014316107549721916,0.0011383373620724698,0.0015173375670976515,0.000937198716455604,0.0013947020561984576,0.0023144406781626277,0.003126094418242367
