,0,1,2,3,4,5,6,7,8,9,10
0,0.0013119862468463552,0.0013364760722968643,0.001254231797712322,0.0016382737076444283,0.0017902070410348052,0.0011873709179543671,0.0014955619429659719,0.0016609709036141172,0.0014599754603884525,0.0014731327444967555,0.001439075436671794
1,0.0013364760722968643,0.001596563173571828,0.0011707239672440744,0.0021735422987182542,0.0020440803530835526,0.0012378261994613953,0.0017278723510798725,0.001729207734418602,0.0016652097686777846,0.0016917806762500717,0.0013924829587402573
2,0.001254231797712322,0.0011707239672440744,0.001668036948692514,0.001103285164599355,0.0016831738029337102,0.0013376195377421134,0.0015429734159491857,0.001604173115455247,0.001495629487471195,0.0015660382506281288,0.002099510325974405
3,0.0016382737076444283,0.0021735422987182542,0.001103285164599355,0.004144502108648506,0.003013691086831181,0.001542743405572574,0.0024270823057887404,0.0022382455120868675,0.002317753548238878,0.0023049814300945964,0.0012868123443374679
4,0.0017902070410348052,0.0020440803530835526,0.0016831738029337102,0.003013691086831181,0.002916613383938577,0.0017716543091147157,0.0024142446142583086,0.002379766923823071,0.0023123912244323746,0.0023834451914348164,0.002064705547310091
5,0.0011873709179543671,0.0012378261994613953,0.0013376195377421134,0.001542743405572574,0.0017716543091147157,0.0012936701686931636,0.001569882789230775,0.0015826878989343002,0.0015305882057130508,0.0015540106194307695,0.001748163611382649
6,0.0014955619429659719,0.0017278723510798725,0.0015429734159491857,0.0024270823057887404,0.0024142446142583086,0.001569882789230775,0.0021821777419770757,0.0019864032366350994,0.001990531168849533,0.0020538922092026373,0.0019882968709549888
7,0.0016609709036141172,0.001729207734418602,0.001604173115455247,0.0022382455120868675,0.002379766923823071,0.0015826878989343002,0.0019864032366350994,0.002181460577713232,0.0019533524034163374,0.001982623695617462,0.0019397960467918422
8,0.0014599754603884525,0.0016652097686777846,0.001495629487471195,0.002317753548238878,0.0023123912244323746,0.0015305882057130508,0.001990531168849533,0.0019533524034163374,0.002003053697743911,0.0019927927343171992,0.0019641069981406515
9,0.0014731327444967555,0.0016917806762500717,0.0015660382506281288,0.0023049814300945964,0.0023834451914348164,0.0015540106194307695,0.0020538922092026373,0.001982623695617462,0.0019927927343171992,0.002181538002150989,0.0020450755273893994
10,0.001439075436671794,0.0013924829587402573,0.002099510325974405,0.0012868123443374679,0.002064705547310091,0.001748163611382649,0.0019882968709549888,0.0019397960467918422,0.0019641069981406515,0.0020450755273893994,0.0029422274456036876
