,0,1,2,3,4,5,6,7,8,9,10
0,0.0012489731054777637,0.0012115194913232946,0.0011848279500153009,0.0013802624991028421,0.0015845303841037022,0.001061592445075275,0.0012792168792612106,0.0015431534612728353,0.0012839374197328823,0.0012980186490829132,0.0012743018450460779
1,0.0012115194913232946,0.001348771247908017,0.0010330944670358527,0.0016618998146707398,0.001636218551243668,0.000988404446016792,0.0012988548435081439,0.0014955728889504988,0.0013161220656253113,0.0013445251870107945,0.0010657329331506102
2,0.0011848279500153009,0.0010330944670358527,0.0015915942539601864,0.0008191068324025869,0.0014566377189309697,0.0011990847878627755,0.0013046869482222056,0.001474406798415841,0.0013017379226045787,0.0013731643305658159,0.0019180256329714945
3,0.0013802624991028421,0.0016618998146707398,0.0008191068324025869,0.0030880591516254533,0.0021715352000703484,0.0010277356465762967,0.001541243975376202,0.0017558346595124546,0.0015969548340342326,0.001587965893754853,0.0006121366241229761
4,0.0015845303841037022,0.001636218551243668,0.0014566377189309697,0.0021715352000703484,0.0022452789460681,0.00136110984025426,0.0017080882056824934,0.001995207457935682,0.0017377980805923514,0.0018118678550190278,0.0015268798894359098
5,0.001061592445075275,0.000988404446016792,0.0011990847878627755,0.0010277356465762967,0.00136110984025426,0.0010426078656874812,0.0011380434635119949,0.0013475163446470876,0.0011792044143297143,0.0012044710893588666,0.0014192644203483988
6,0.0012792168792612106,0.0012988548435081439,0.0013046869482222056,0.001541243975376202,0.0017080882056824934,0.0011380434635119949,0.0014393931529155346,0.0015818967544000233,0.0013861340024854435,0.0014526672758237331,0.0014225743112425868
7,0.0015431534612728353,0.0014955728889504988,0.001474406798415841,0.0017558346595124546,0.001995207457935682,0.0013475163446470876,0.0015818967544000233,0.00196117397431867,0.0016242091023457256,0.0016552079331122837,0.0016317142073752667
8,0.0012839374197328823,0.0013161220656253113,0.0013017379226045787,0.0015969548340342326,0.0017377980805923514,0.0011792044143297143,0.0013861340024854435,0.0016242091023457256,0.001511261137555847,0.001503581391309675,0.0015037836188535154
9,0.0012980186490829132,0.0013445251870107945,0.0013731643305658159,0.001587965893754853,0.0018118678550190278,0.0012044710893588666,0.0014526672758237331,0.0016552079331122837,0.001503581391309675,0.0016948943207267114,0.0015871681946058916
10,0.0012743018450460779,0.0010657329331506102,0.0019180256329714945,0.0006121366241229761,0.0015268798894359098,0.0014192644203483988,0.0014225743112425868,0.0016317142073752667,0.0015037836188535154,0.0015871681946058916,0.0025113595738806473
