,0,1,2,3,4,5,6,7,8,9,10
0,0.0013209632071352142,0.0013496608033817074,0.001262064774346045,0.0016618897999061022,0.001810672385168287,0.0012003120357955172,0.0015155381168426459,0.0016751392807650713,0.0014779266386968637,0.0014884806011145092,0.0014555836659403978
1,0.0013496608033817074,0.0016159279648981447,0.001182228501029161,0.002208227902267831,0.002074138368377598,0.001256833193869065,0.0017572119083167715,0.001750017232829209,0.0016915751662908934,0.0017143225059764765,0.0014167290586327341
2,0.001262064774346045,0.001182228501029161,0.0016748717240400767,0.0011238917461636622,0.001701031150515007,0.0013489115016819815,0.0015604039306406994,0.0016165359449022158,0.0015112930592420647,0.0015794302536683272,0.0021139148301872767
3,0.0016618897999061022,0.002208227902267831,0.0011238917461636622,0.004206629832329457,0.0030675300279582873,0.001576788141143044,0.002479634367880702,0.002275518826669824,0.002364978402024203,0.0023453576365945394,0.001330241182662668
4,0.001810672385168287,0.002074138368377598,0.001701031150515007,0.0030675300279582873,0.0029632693918487086,0.0018011569574602512,0.0024597854323831192,0.0024120674102712627,0.0023533155640345495,0.0024184345971434416,0.002102340317477161
5,0.0012003120357955172,0.001256833193869065,0.0013489115016819815,0.001576788141143044,0.0018011569574602512,0.0013123259758625124,0.0015986802541635384,0.0016031129075518063,0.0015564664612634832,0.0015761359526258465,0.001771961726083838
6,0.0015155381168426459,0.0017572119083167715,0.0015604039306406994,0.002479634367880702,0.0024597854323831192,0.0015986802541635384,0.002226630026007947,0.002017931664609735,0.00203047731927697,0.0020880452848288456,0.002025032080511627
7,0.0016751392807650713,0.001750017232829209,0.0016165359449022158,0.002275518826669824,0.0024120674102712627,0.0016031129075518063,0.002017931664609735,0.0022038225651329364,0.001981684786046557,0.0020068472542387737,0.001965851022133312
8,0.0014779266386968637,0.0016915751662908934,0.0015112930592420647,0.002364978402024203,0.0023533155640345495,0.0015564664612634832,0.00203047731927697,0.001981684786046557,0.0020389504991839853,0.0020234837047527444,0.001997118351693986
9,0.0014884806011145092,0.0017143225059764765,0.0015794302536683272,0.0023453576365945394,0.0024184345971434416,0.0015761359526258465,0.0020880452848288456,0.0020068472542387737,0.0020234837047527444,0.0022077781017027843,0.0020732995034233458
10,0.0014555836659403978,0.0014167290586327341,0.0021139148301872767,0.001330241182662668,0.002102340317477161,0.001771961726083838,0.002025032080511627,0.001965851022133312,0.001997118351693986,0.0020732995034233458,0.0029725852884472676
