,0,1,2,3,4,5,6,7,8,9,10
0,0.023379966974244125,0.04612440499258489,0.024159806858158918,0.09435560332964706,0.07590401656600551,0.04382339666993512,0.07953697391318447,0.04465582655849353,0.06586061739931699,0.06326427208200282,0.06141325132232004
1,0.04612440499258489,0.09249560195854503,0.047658469131072675,0.19034745953454685,0.1524612570658531,0.0877692677988621,0.16011615423960154,0.08898915852135071,0.13236905578815808,0.12709938637579815,0.1231124881417726
2,0.024159806858158918,0.047658469131072675,0.025442096045185634,0.09734013754102984,0.0786097528835964,0.04559013615247055,0.08254519480263793,0.04623103586041748,0.06834011881510864,0.06570090325962202,0.0643484947083172
3,0.09435560332964706,0.19034745953454685,0.09734013754102984,0.39369074174393176,0.3143986334347094,0.1806763325006681,0.33031409689428864,0.18287855534707734,0.27289351026407366,0.26191756680393985,0.25326551069215464
4,0.07590401656600551,0.1524612570658531,0.0786097528835964,0.3143986334347094,0.2518227316451817,0.14496138273247483,0.26451067993167543,0.14677509342899106,0.2185974313148145,0.20990436894264491,0.2034834932858347
5,0.04382339666993512,0.0877692677988621,0.04559013615247055,0.1806763325006681,0.14496138273247483,0.08366433332809387,0.1523458357266225,0.08465034101582988,0.12595367038431954,0.1209333395391957,0.11761715279837459
6,0.07953697391318447,0.16011615423960154,0.08254519480263793,0.33031409689428864,0.26451067993167543,0.1523458357266225,0.2781667707560273,0.15403399175123958,0.2297368691035933,0.22057044626582822,0.21407938916633093
7,0.04465582655849353,0.08898915852135071,0.04623103586041748,0.18287855534707734,0.14677509342899106,0.08465034101582988,0.15403399175123958,0.08594794677894506,0.12742463554327577,0.12236999011448577,0.11878718170803615
8,0.06586061739931699,0.13236905578815808,0.06834011881510864,0.27289351026407366,0.2185974313148145,0.12595367038431954,0.2297368691035933,0.12742463554327577,0.18994216917908743,0.18231605071111406,0.17698497409502617
9,0.06326427208200282,0.12709938637579815,0.06570090325962202,0.26191756680393985,0.20990436894264491,0.1209333395391957,0.22057044626582822,0.12236999011448577,0.18231605071111406,0.17519621966662013,0.16997227427474065
10,0.06141325132232004,0.1231124881417726,0.0643484947083172,0.25326551069215464,0.2034834932858347,0.11761715279837459,0.21407938916633093,0.11878718170803615,0.17698497409502617,0.16997227427474065,0.16593154030264037
