,0,1,2,3,4,5,6,7,8,9,10
0,0.003154379232301266,0.004551443553409058,0.003393022083156394,0.008004706686433926,0.007233582614674725,0.004642536834075565,0.007267930908123565,0.004857491804879783,0.006026967650737082,0.005950472017547926,0.006014736976975705
1,0.004551443553409058,0.007206666969529123,0.004902903412785635,0.013282939199761725,0.0115427462364224,0.007267075191064952,0.011800630227571222,0.007307122327394564,0.009634590594726596,0.009504717574170332,0.009376991767185828
2,0.003393022083156394,0.004902903412785635,0.004150907819581096,0.008493926119699964,0.008002259322153576,0.0053486396414956444,0.00824397955234678,0.005314938366785831,0.006797342333696414,0.006763675147207754,0.007411287211293617
3,0.008004706686433926,0.013282939199761725,0.008493926119699964,0.026143863241500608,0.021823405324265934,0.013482151756194797,0.022373641078103332,0.013283899802851157,0.018099104094276283,0.01777653420952252,0.017098120054425278
4,0.007233582614674725,0.0115427462364224,0.008002259322153576,0.021823405324265934,0.018999141760840277,0.011979989808568422,0.019468788528193195,0.011823932120938725,0.015805632789657353,0.01561180599766435,0.015583560842116597
5,0.004642536834075565,0.007267075191064952,0.0053486396414956444,0.013482151756194797,0.011979989808568422,0.007773379761311384,0.012395202159755274,0.007577342752127244,0.010095381849143267,0.009950672003909115,0.010329215484372215
6,0.007267930908123565,0.011800630227571222,0.00824397955234678,0.022373641078103332,0.019468788528193195,0.012395202159755274,0.02026748505563781,0.01200136644944649,0.016299293783827905,0.016081764873802876,0.016324221287064195
7,0.004857491804879783,0.007307122327394564,0.005314938366785831,0.013283899802851157,0.011823932120938725,0.007577342752127244,0.01200136644944649,0.007727370658994641,0.009877007153916225,0.009750732152440897,0.009878491981425066
8,0.006026967650737082,0.009634590594726596,0.006797342333696414,0.018099104094276283,0.015805632789657353,0.010095381849143267,0.016299293783827905,0.009877007153916225,0.01332388358576562,0.013091387658962306,0.013306426804221826
9,0.005950472017547926,0.009504717574170332,0.006763675147207754,0.01777653420952252,0.01561180599766435,0.009950672003909115,0.016081764873802876,0.009750732152440897,0.013091387658962306,0.01306226056785545,0.013164738505393866
10,0.006014736976975705,0.009376991767185828,0.007411287211293617,0.017098120054425278,0.015583560842116597,0.010329215484372215,0.016324221287064195,0.009878491981425066,0.013306426804221826,0.013164738505393866,0.014306077960673893
