,0,1,2,3,4,5,6,7,8,9,10
0,0.0010686860901116943,0.0011573361455745157,0.0008171697108120312,0.0015974228387775117,0.0013583570099818644,0.0011029637875526253,0.0012572286259829194,0.001241180407694085,0.0012579121015992012,0.0011334243793769483,0.0012182532077611246
1,0.0011573361455745157,0.001414305834929921,0.0007993152992340374,0.002006693262614194,0.0016296726476444272,0.0011838108161046036,0.0015075071143944743,0.0013913875695516116,0.001476392081282904,0.0013158821937970585,0.0012737421534841482
2,0.0008171697108120312,0.0007993152992340374,0.0008657526687765786,0.0011030356979030063,0.0010003507751744907,0.0009265259404884763,0.0009629721436659212,0.0009632602846040305,0.0009705577115384048,0.0009329169334211755,0.0011830690637246216
3,0.0015974228387775117,0.002006693262614194,0.0011030356979030063,0.003718008898927278,0.0025469518894537463,0.0017623948521691079,0.0023260990382350075,0.001944652582215896,0.0022437734959741377,0.0020240137602252966,0.0018848577587803985
4,0.0013583570099818644,0.0016296726476444272,0.0010003507751744907,0.0025469518894537463,0.002136676516609428,0.001477879081614719,0.0018748511158847157,0.0016775461900607764,0.001873663622892287,0.0017575812295523795,0.0017480252448749223
5,0.0011029637875526253,0.0011838108161046036,0.0009265259404884763,0.0017623948521691079,0.001477879081614719,0.0012423337730636799,0.0013917925683187217,0.0013413632651736226,0.0013649506837756236,0.0012838517876049586,0.001404218374381665
6,0.0012572286259829194,0.0015075071143944743,0.0009629721436659212,0.0023260990382350075,0.0018748511158847157,0.0013917925683187217,0.0018054493870188117,0.0015641954347726888,0.0016755598794947818,0.0015748699184541526,0.0016320481823836382
7,0.001241180407694085,0.0013913875695516116,0.0009632602846040305,0.001944652582215896,0.0016775461900607764,0.0013413632651736226,0.0015641954347726888,0.0015546554356597833,0.0015334889174877984,0.0013918916489312973,0.00153981295254438
8,0.0012579121015992012,0.001476392081282904,0.0009705577115384048,0.0022437734959741377,0.001873663622892287,0.0013649506837756236,0.0016755598794947818,0.0015334889174877984,0.00173217600100782,0.0015517861804208496,0.0016258053856424435
9,0.0011334243793769483,0.0013158821937970585,0.0009329169334211755,0.0020240137602252966,0.0017575812295523795,0.0012838517876049586,0.0015748699184541526,0.0013918916489312973,0.0015517861804208496,0.0016085052604847996,0.0015969406549455247
10,0.0012182532077611246,0.0012737421534841482,0.0011830690637246216,0.0018848577587803985,0.0017480252448749223,0.001404218374381665,0.0016320481823836382,0.00153981295254438,0.0016258053856424435,0.0015969406549455247,0.0019973434587355343
