,0,1,2,3,4,5,6,7,8,9,10
0,0.03245641312100048,0.05838282355319261,0.04285868261317138,0.11185945712952734,0.10054666114198922,0.06488441766695598,0.10479747894974709,0.05700666496921449,0.08755342837080705,0.08586471450713114,0.09142605002438339
1,0.05838282355319261,0.10608671075990718,0.07737639530092953,0.20406250154992775,0.1829334259326091,0.11790986761760769,0.19094301109799172,0.10310431755827798,0.15936010169156767,0.1562694043643623,0.16621902612778272
2,0.04285868261317138,0.07737639530092953,0.05724556722155004,0.14834284824794505,0.13360751630883916,0.08642766339648526,0.13953939708727925,0.0755380174044429,0.11650403346740937,0.11430098846059812,0.12230909625773846
3,0.11185945712952734,0.20406250154992775,0.14834284824794505,0.39422100986274494,0.352516132807033,0.22696875304239944,0.36801607148396337,0.19810853461019737,0.3070054044354173,0.30096965261184855,0.3197537685743195
4,0.10054666114198922,0.1829334259326091,0.13360751630883916,0.352516132807033,0.31606532739187493,0.20374982840312525,0.32997625320183743,0.17787647830985423,0.2753077545163955,0.26998231299409203,0.2874061106176687
5,0.06488441766695598,0.11790986761760769,0.08642766339648526,0.22696875304239944,0.20374982840312525,0.13156782101042186,0.2128445054714249,0.11477652756396461,0.1776102032426037,0.17415293338415017,0.18579086730565966
6,0.10479747894974709,0.19094301109799172,0.13953939708727925,0.36801607148396337,0.32997625320183743,0.2128445054714249,0.34482088155840884,0.185560701039805,0.28755105092933914,0.2819695320014261,0.3004631096214989
7,0.05700666496921449,0.10310431755827798,0.0755380174044429,0.19810853461019737,0.17787647830985423,0.11477652756396461,0.185560701039805,0.10053439747172498,0.1549470781894809,0.15195201257932958,0.16185256583188357
8,0.08755342837080705,0.15936010169156767,0.11650403346740937,0.3070054044354173,0.2753077545163955,0.1776102032426037,0.28755105092933914,0.1549470781894809,0.2399937113132569,0.23527891802408676,0.2507177408248243
9,0.08586471450713114,0.1562694043643623,0.11430098846059812,0.30096965261184855,0.26998231299409203,0.17415293338415017,0.2819695320014261,0.15195201257932958,0.23527891802408676,0.230856128830148,0.24588141753855858
10,0.09142605002438339,0.16621902612778272,0.12230909625773846,0.3197537685743195,0.2874061106176687,0.18579086730565966,0.3004631096214989,0.16185256583188357,0.2507177408248243,0.24588141753855858,0.2629455862361056
