,0,1,2,3,4,5,6,7,8,9,10
0,0.0012657506751111282,0.0012561880617212521,0.001149997680742724,0.0014887330035275065,0.0016372333015330005,0.0010717369834837927,0.00131632497527788,0.0015638077955967388,0.0013257889399515123,0.0013231945292107897,0.0012342327410153823
1,0.0012561880617212521,0.0014571431341456826,0.0009897215771250713,0.0019138650162705197,0.001778441621886613,0.001037028021420516,0.0014166275654250004,0.0015604841099676084,0.0014321950285617927,0.0014314131522574418,0.0010367738833879211
2,0.001149997680742724,0.0009897215771250713,0.0014330500743094643,0.0007661585829976341,0.0013383077192913343,0.0010769327854942118,0.0011388991337544722,0.0013851272707820779,0.0011931175579350155,0.0012280154598783113,0.0016377100980174769
3,0.0014887330035275065,0.0019138650162705197,0.0007661585829976341,0.0036608392487030204,0.0025189247295294872,0.001168746083381804,0.0018473722493587755,0.0019239887386167892,0.0018837511293600792,0.001820033012341073,0.000624285211192401
4,0.0016372333015330005,0.001778441621886613,0.0013383077192913343,0.0025189247295294872,0.0024104886104058003,0.0013890710570343874,0.0018212260644802128,0.002058295709614346,0.0018684253488734203,0.0018873637247782938,0.0013869686472943819
5,0.0010717369834837927,0.001037028021420516,0.0010769327854942118,0.001168746083381804,0.0013890710570343874,0.0010044727758735873,0.0011216159025261845,0.0013396855512760207,0.0011949912887237108,0.001179019133082675,0.0012358574809199475
6,0.00131632497527788,0.0014166275654250004,0.0011388991337544722,0.0018473722493587755,0.0018212260644802128,0.0011216159025261845,0.0014873470895646686,0.001609740393163132,0.001470343230444499,0.001472641224116522,0.001194203012819085
7,0.0015638077955967388,0.0015604841099676084,0.0013851272707820779,0.0019239887386167892,0.002058295709614346,0.0013396855512760207,0.001609740393163132,0.0019772742811311962,0.001671362155224716,0.0016675315969895703,0.0015093233139509736
8,0.0013257889399515123,0.0014321950285617927,0.0011931175579350155,0.0018837511293600792,0.0018684253488734203,0.0011949912887237108,0.001470343230444499,0.001671362155224716,0.0016136127727578034,0.0015576367029075363,0.001369605244130194
9,0.0013231945292107897,0.0014314131522574418,0.0012280154598783113,0.001820033012341073,0.0018873637247782938,0.001179019133082675,0.001472641224116522,0.0016675315969895703,0.0015576367029075363,0.0016953005072796337,0.0013807872527080622
10,0.0012342327410153823,0.0010367738833879211,0.0016377100980174769,0.000624285211192401,0.0013869686472943819,0.0012358574809199475,0.001194203012819085,0.0015093233139509736,0.001369605244130194,0.0013807872527080622,0.0020346896258619865
