,0,1,2,3,4,5,6,7,8,9,10
0,0.0013164241448919472,0.0013428391183375992,0.0012556085399864257,0.0016471163549200169,0.0017953720170840294,0.0011919605898449979,0.0014987855510052437,0.0016688509053582907,0.0014639318160225305,0.0014703134740267736,0.0014362660385559857
1,0.0013428391183375992,0.001605686471564925,0.0011726979351363818,0.002186220792162224,0.002051485815696491,0.0012444068388638501,0.0017324942815496495,0.0017405060388797366,0.0016708823282140484,0.0016877383544819954,0.0013884547861822026
2,0.0012556085399864257,0.0011726979351363818,0.0016684640470217924,0.0011060283606733267,0.001684776097586874,0.001339043362522466,0.0015439734514602359,0.0016066176793111508,0.0014968568400744412,0.001565163641214306,0.0020986387787972982
3,0.0016471163549200169,0.002186220792162224,0.0011060283606733267,0.004162121107993116,0.003023982228340826,0.0015518883983094316,0.0024335051982178417,0.0022539465844571963,0.0023256365242092566,0.0022993637391077073,0.001281214304185224
4,0.0017953720170840294,0.002051485815696491,0.001684776097586874,0.003023982228340826,0.002922624340586587,0.0017769958601479836,0.002417996127804489,0.0023889378693532186,0.00231699559245286,0.0023801638325971915,0.0020614356592945885
5,0.0011919605898449979,0.0012444068388638501,0.001339043362522466,0.0015518883983094316,0.0017769958601479836,0.0012984167858470432,0.0015732165745224428,0.0015908373727024634,0.0015346798154173896,0.0015510948730378623,0.0017452580693439555
6,0.0014987855510052437,0.0017324942815496495,0.0015439734514602359,0.0024335051982178417,0.002417996127804489,0.0015732165745224428,0.0021845190672076104,0.001992127054407746,0.0019934048100875954,0.0020518441342952,0.0019862559470307877
7,0.0016688509053582907,0.0017405060388797366,0.0016066176793111508,0.0022539465844571963,0.0023889378693532186,0.0015908373727024634,0.001992127054407746,0.0021954524121716892,0.001960377317349349,0.001977617693652709,0.001934807568459192
8,0.0014639318160225305,0.0016708823282140484,0.0014968568400744412,0.0023256365242092566,0.00231699559245286,0.0015346798154173896,0.0019934048100875954,0.001960377317349349,0.0020065806244995116,0.0019902792180896125,0.001961602267992789
9,0.0014703134740267736,0.0016877383544819954,0.001565163641214306,0.0022993637391077073,0.0023801638325971915,0.0015510948730378623,0.0020518441342952,0.001977617693652709,0.0019902792180896125,0.0021833288271465145,0.0020468600636343983
10,0.0014362660385559857,0.0013884547861822026,0.0020986387787972982,0.001281214304185224,0.0020614356592945885,0.0017452580693439555,0.0019862559470307877,0.001934807568459192,0.001961602267992789,0.0020468600636343983,0.002944005713406636
