,0,1,2,3,4,5,6,7,8,9,10
0,0.004890717111950838,0.014282561846625767,0.006772585619927292,0.029726210831709676,0.023623549945251326,0.011398305458011666,0.025074735563541208,0.012076232740245423,0.022410154832249153,0.02226537033143279,0.022559127718492774
1,0.014282561846625767,0.04781314275222799,0.021007784610757967,0.10305326319000904,0.08028718220396332,0.03733346128404798,0.08601358634543997,0.03874674346579731,0.07663731082574417,0.07626240993530335,0.07680269840452587
2,0.006772585619927292,0.021007784610757967,0.010167375417251285,0.04345792462076862,0.03467646592792328,0.017057046697510368,0.037444577034165726,0.017629149084067736,0.03321973342821985,0.032951929606479496,0.034433996438484965
3,0.029726210831709676,0.10305326319000904,0.04345792462076862,0.22430425348821284,0.17337913725204027,0.08025522113992871,0.1861329711255627,0.08294119280872088,0.16571578029330386,0.16462778096383623,0.1658523157706226
4,0.023623549945251326,0.08028718220396332,0.03467646592792328,0.17337913725204027,0.13512023484361127,0.06283637311098798,0.1452479821112484,0.06499463774367253,0.1291826058801063,0.1282964506867446,0.12978865943104095
5,0.011398305458011666,0.03733346128404798,0.017057046697510368,0.08025522113992871,0.06283637311098798,0.030361024240420385,0.06740620373343283,0.031119826263359233,0.06009829421769375,0.059720967801203666,0.060645330619179344
6,0.025074735563541208,0.08601358634543997,0.037444577034165726,0.1861329711255627,0.1452479821112484,0.06740620373343283,0.15595462909676241,0.06949953081466319,0.13906117055145517,0.138069118117522,0.13951447800781744
7,0.012076232740245423,0.03874674346579731,0.017629149084067736,0.08294119280872088,0.06499463774367253,0.031119826263359233,0.06949953081466319,0.03182524126892156,0.062009160616158375,0.061625473653071625,0.06234066389640666
8,0.022410154832249153,0.07663731082574417,0.03321973342821985,0.16571578029330386,0.1291826058801063,0.06009829421769375,0.13906117055145517,0.062009160616158375,0.12375481864683652,0.12280626710423255,0.12433881563158744
9,0.02226537033143279,0.07626240993530335,0.032951929606479496,0.16462778096383623,0.1282964506867446,0.059720967801203666,0.138069118117522,0.061625473653071625,0.12280626710423255,0.12211613691248342,0.12377404175053183
10,0.022559127718492774,0.07680269840452587,0.034433996438484965,0.1658523157706226,0.12978865943104095,0.060645330619179344,0.13951447800781744,0.06234066389640666,0.12433881563158744,0.12377404175053183,0.12598679167657204
