,0,1,2,3,4,5,6,7,8,9,10
0,0.016275951514812984,0.018444932242843215,0.044825735951082454,0.028558115789698132,0.042069215278052415,0.03233752106064043,0.054166752943900096,0.03276667979672922,0.04047623990791993,0.047064351704407766,0.08214145171073312
1,0.018444932242843215,0.021223931287315118,0.05113077103506208,0.03356340769378571,0.047933884367644355,0.03642944443680314,0.061842880007035056,0.03749435431107377,0.046298195355443245,0.053836589399350085,0.09406196923499995
2,0.044825735951082454,0.05113077103506208,0.13140486326930562,0.08048992827606004,0.11883285513707488,0.09178775813904726,0.1548227988685448,0.09329964815310252,0.11512254459206886,0.13433321231098092,0.24204571202607378
3,0.028558115789698132,0.03356340769378571,0.08048992827606004,0.0540060494852084,0.07521919526407599,0.057006666418034514,0.09701612915470174,0.05905058462622119,0.07254713533366824,0.08435403717873996,0.14853608948501199
4,0.042069215278052415,0.047933884367644355,0.11883285513707488,0.07521919526407599,0.11133638666146473,0.08561802542095649,0.1441906801180982,0.08611000996132369,0.10733387334761661,0.12510293383300997,0.21896445888867946
5,0.03233752106064043,0.03642944443680314,0.09178775813904726,0.057006666418034514,0.08561802542095649,0.06613422266094766,0.11121332460282371,0.06633987223966134,0.08275010921972531,0.09646041548593669,0.1695084317589437
6,0.054166752943900096,0.061842880007035056,0.1548227988685448,0.09701612915470174,0.1441906801180982,0.11121332460282371,0.18757760195625495,0.11147567830134439,0.139322713404444,0.1625290375500547,0.28588948858381213
7,0.03276667979672922,0.03749435431107377,0.09329964815310252,0.05905058462622119,0.08611000996132369,0.06633987223966134,0.11147567830134439,0.06693426590486243,0.0830564522549643,0.096753197100726,0.17152220247668779
8,0.04047623990791993,0.046298195355443245,0.11512254459206886,0.07254713533366824,0.10733387334761661,0.08275010921972531,0.139322713404444,0.0830564522549643,0.10373201712831413,0.12086495354885592,0.21242213300380827
9,0.047064351704407766,0.053836589399350085,0.13433321231098092,0.08435403717873996,0.12510293383300997,0.09646041548593669,0.1625290375500547,0.096753197100726,0.12086495354885592,0.14108583747031947,0.2479543014359169
10,0.08214145171073312,0.09406196923499995,0.24204571202607378,0.14853608948501199,0.21896445888867946,0.1695084317589437,0.28588948858381213,0.17152220247668779,0.21242213300380827,0.2479543014359169,0.4467148207829828
