,0,1,2,3,4,5,6,7,8,9,10
0,0.0007297122869865804,0.0007637063178091852,0.0005239019210444811,0.0010977875854409228,0.0008794174306697674,0.000724695051557022,0.000788428471990509,0.0008447805378017764,0.0008291469208460841,0.0007524457701910386,0.0008442622892972538
1,0.0007637063178091852,0.0009343335304131073,0.0005330249874182894,0.0012596741934510953,0.0009596241468371441,0.0007714772990866193,0.0008632212924505029,0.0008823745236620444,0.0009087443466922225,0.0008697031373788998,0.0008612586887168825
2,0.0005239019210444811,0.0005330249874182894,0.0006258265330064208,0.0006535373698195437,0.0005686296668199785,0.0006418867987567555,0.0006103626906907409,0.0006581248033672606,0.0006127301771414287,0.0006264671046305576,0.0009297971238468736
3,0.0010977875854409228,0.0012596741934510953,0.0006535373698195437,0.0030156345602140398,0.0018931936063942192,0.0011343934599652038,0.0015171881501712071,0.0012705552316345948,0.0015875443304122926,0.0014247601079601926,0.0011904585881174472
4,0.0008794174306697674,0.0009596241468371441,0.0005686296668199785,0.0018931936063942192,0.0015263293166395027,0.0009043952990851008,0.0011482068544259939,0.0010598522052379538,0.001266916990275881,0.0012022666939499414,0.0011234379870012144
5,0.000724695051557022,0.0007714772990866193,0.0006418867987567555,0.0011343934599652038,0.0009043952990851008,0.0008679527872154092,0.0008590812843078705,0.0008961313337082409,0.0008717518245271886,0.0008785458005379999,0.0010382897057704557
6,0.000788428471990509,0.0008632212924505029,0.0006103626906907409,0.0015171881501712071,0.0011482068544259939,0.0008590812843078705,0.0010193879756556687,0.0009323490523795806,0.001015385736740639,0.001028353166453586,0.001064262992262251
7,0.0008447805378017764,0.0008823745236620444,0.0006581248033672606,0.0012705552316345948,0.0010598522052379538,0.0008961313337082409,0.0009323490523795806,0.0010442923824015159,0.0009853262255724031,0.0009340638506493516,0.0010827644421530066
8,0.0008291469208460841,0.0009087443466922225,0.0006127301771414287,0.0015875443304122926,0.001266916990275881,0.0008717518245271886,0.001015385736740639,0.0009853262255724031,0.0011666739938270604,0.0010582639729628523,0.0011058467350271144
9,0.0007524457701910386,0.0008697031373788998,0.0006264671046305576,0.0014247601079601926,0.0012022666939499414,0.0008785458005379999,0.001028353166453586,0.0009340638506493516,0.0010582639729628523,0.0011875431993758484,0.0011900764141115105
10,0.0008442622892972538,0.0008612586887168825,0.0009297971238468736,0.0011904585881174472,0.0011234379870012144,0.0010382897057704557,0.001064262992262251,0.0010827644421530066,0.0011058467350271144,0.0011900764141115105,0.0016440173083387963
