,0,1,2,3,4,5,6,7,8,9,10
0,0.0007066995927534275,0.000754213107492673,0.0004300098131464547,0.0012109248732640404,0.000976700486074065,0.0006998399164623358,0.0008535785154736936,0.0008558460212015615,0.0008755553162428193,0.0007410436291191704,0.0008242714684720226
1,0.000754213107492673,0.0009651890797644708,0.0003931961187884336,0.0014778069645318098,0.00115330259838994,0.0007472085249680775,0.0010105044764592787,0.0009295379824724251,0.0010213934276203185,0.0008810669166752239,0.0008623394126534807
2,0.0004300098131464547,0.0003931961187884336,0.0004862501547545247,0.0006214243610926579,0.0005512852484011984,0.0005350186408692038,0.0005219197000177531,0.0005498425792082345,0.0005461682698274217,0.0005273868082237943,0.0008094559961271143
3,0.0012109248732640404,0.0014778069645318098,0.0006214243610926579,0.0033044473143229018,0.002169010743452912,0.0011918739123078313,0.001791025045892142,0.0014290249507455989,0.0018189462955315004,0.001560601827099312,0.001335842535974876
4,0.000976700486074065,0.00115330259838994,0.0005512852484011984,0.002169010743452912,0.001772602029581745,0.000977053133064135,0.0014071631577712636,0.0012200519517646287,0.0014734612660827484,0.0013251474824506767,0.0012565726676931573
5,0.0006998399164623358,0.0007472085249680775,0.0005350186408692038,0.0011918739123078313,0.000977053133064135,0.0008044145304360632,0.0008770848095196062,0.0008638101078887561,0.0008988021994421539,0.0008543988952956493,0.0010022545502436885
6,0.0008535785154736936,0.0010105044764592787,0.0005219197000177531,0.001791025045892142,0.0014071631577712636,0.0008770848095196062,0.0012515457160041407,0.001046081786284028,0.0012091112441750492,0.001115786995287444,0.001152190397720578
7,0.0008558460212015615,0.0009295379824724251,0.0005498425792082345,0.0014290249507455989,0.0012200519517646287,0.0008638101078887561,0.001046081786284028,0.0010738117941346513,0.0010869184842256447,0.0009558026673885896,0.0010969651053339738
8,0.0008755553162428193,0.0010213934276203185,0.0005461682698274217,0.0018189462955315004,0.0014734612660827484,0.0008988021994421539,0.0012091112441750492,0.0010869184842256447,0.0013194835087843191,0.0011263135197556982,0.001174931234076892
9,0.0007410436291191704,0.0008810669166752239,0.0005273868082237943,0.001560601827099312,0.0013251474824506767,0.0008543988952956493,0.001115786995287444,0.0009558026673885896,0.0011263135197556982,0.0011886408440046443,0.0011831301692808375
10,0.0008242714684720226,0.0008623394126534807,0.0008094559961271143,0.001335842535974876,0.0012565726676931573,0.0010022545502436885,0.001152190397720578,0.0010969651053339738,0.001174931234076892,0.0011831301692808375,0.0016264576251093954
