,0,1,2,3,4,5,6,7,8,9,10
0,0.0006858335579229053,0.0007744836133857266,0.0004343171786232422,0.0012145703065887228,0.0009755044777930755,0.0007201112553638364,0.0008743760937941304,0.0008583278755052961,0.0008750595694104121,0.0007505718471881594,0.0008354006755723356
1,0.0007744836133857266,0.0010314533027411322,0.0004164627670452485,0.0016238407304254054,0.0012468201154556384,0.0008009582839158146,0.0011246545822056857,0.0010085350373628228,0.001093539549094115,0.0009330296616082695,0.0008908896212953591
2,0.0004343171786232422,0.0004164627670452485,0.0004829001365877897,0.0007201831657142173,0.0006174982429857018,0.0005436734082996873,0.0005801196114771323,0.0005804077524152416,0.0005877051793496159,0.0005500644012323865,0.0008002165315358325
3,0.0012145703065887228,0.0016238407304254054,0.0007201831657142173,0.0033351563667384895,0.0021640993572649577,0.0013795423199803188,0.0019432465060462186,0.0015618000500271071,0.0018609209637853487,0.0016411612280365078,0.0015020052265916095
4,0.0009755044777930755,0.0012468201154556384,0.0006174982429857018,0.0021640993572649577,0.0017538239844206392,0.00109502654942593,0.0014919985836959267,0.0012946936578719871,0.001490811090703498,0.0013747286973635905,0.0013651727126861332
5,0.0007201112553638364,0.0008009582839158146,0.0005436734082996873,0.0013795423199803188,0.00109502654942593,0.000859481240874891,0.0010089400361299326,0.0009585107329848337,0.0009820981515868347,0.0009009992554161695,0.0010213658421928762
6,0.0008743760937941304,0.0011246545822056857,0.0005801196114771323,0.0019432465060462186,0.0014919985836959267,0.0010089400361299326,0.0014225968548300229,0.0011813429025839001,0.0012927073473059927,0.0011920173862653637,0.0012491956501948492
7,0.0008583278755052961,0.0010085350373628228,0.0005804077524152416,0.0015618000500271071,0.0012946936578719871,0.0009585107329848337,0.0011813429025839001,0.0011718029034709942,0.0011506363852990095,0.0010090391167425084,0.0011569604203555913
8,0.0008750595694104121,0.001093539549094115,0.0005877051793496159,0.0018609209637853487,0.001490811090703498,0.0009820981515868347,0.0012927073473059927,0.0011506363852990095,0.001349323468819031,0.0011689336482320607,0.0012429528534536542
9,0.0007505718471881594,0.0009330296616082695,0.0005500644012323865,0.0016411612280365078,0.0013747286973635905,0.0009009992554161695,0.0011920173862653637,0.0010090391167425084,0.0011689336482320607,0.0012256527282960103,0.001214088122756736
10,0.0008354006755723356,0.0008908896212953591,0.0008002165315358325,0.0015020052265916095,0.0013651727126861332,0.0010213658421928762,0.0012491956501948492,0.0011569604203555913,0.0012429528534536542,0.001214088122756736,0.0016144909265467455
