,0,1,2,3,4,5,6,7,8,9,10
0,0.0006066982027756265,0.000650951996408947,0.0004650275562301885,0.0010154620377051224,0.0007715227388315508,0.0006917546472320155,0.0007289736152610566,0.0007555166005809024,0.0007334363947474552,0.0006757289184921089,0.0007527712597740558
1,0.000650951996408947,0.0008779178131761778,0.00045787150055320576,0.001298764916209839,0.0009428503027005551,0.0007813832972579247,0.0009197570617598824,0.0008613317342264236,0.0008859648312264559,0.0008334469861575694,0.0008134872895593162
2,0.0004650275562301885,0.00045787150055320576,0.0005354950327207395,0.0006789380282809568,0.0006023811458123784,0.0006068622016469151,0.0006060144258925129,0.0006308012914628266,0.000604909185840842,0.0005928035227059561,0.0008891384498742289
3,0.0010154620377051224,0.001298764916209839,0.0006789380282809568,0.0030508205576512673,0.0018224598684537553,0.001212093629625412,0.0016277866016099866,0.0012895569206578968,0.0015726582577453275,0.0014266089587728725,0.0011857568309473127
4,0.0007715227388315508,0.0009428503027005551,0.0006023811458123784,0.0018224598684537553,0.0013662729793087376,0.0009476392780025006,0.0011635767876713597,0.001014755866341369,0.001181680794097963,0.0011631067202915615,0.0010731740447271882
5,0.0006917546472320155,0.0007813832972579247,0.0006068622016469151,0.001212093629625412,0.0009476392780025006,0.0008933725639352915,0.0009392184498916399,0.0009248437620352167,0.0009026969759915324,0.0008874013078032211,0.001044936538642025
6,0.0007289736152610566,0.0009197570617598824,0.0006060144258925129,0.0016277866016099866,0.0011635767876713597,0.0009392184498916399,0.0011764823395917176,0.0009886453645986792,0.0010531073159304048,0.0010527779527351718,0.0010853161874657727
7,0.0007555166005809024,0.0008613317342264236,0.0006308012914628266,0.0012895569206578968,0.001014755866341369,0.0009248437620352167,0.0009886453645986792,0.0010326339886438003,0.0009597765009384571,0.0009114945059172714,0.0010515070116221448
8,0.0007334363947474552,0.0008859648312264559,0.000604909185840842,0.0015726582577453275,0.001181680794097963,0.0009026969759915324,0.0010531073159304048,0.0009597765009384571,0.0011189161963017667,0.001028413432877099,0.0010663759589184742
9,0.0006757289184921089,0.0008334469861575694,0.0005928035227059561,0.0014266089587728725,0.0011631067202915615,0.0008874013078032211,0.0010527779527351718,0.0009114945059172714,0.001028413432877099,0.0011596831778006957,0.0011542188315000169
10,0.0007527712597740558,0.0008134872895593162,0.0008891384498742289,0.0011857568309473127,0.0010731740447271882,0.001044936538642025,0.0010853161874657727,0.0010515070116221448,0.0010663759589184742,0.0011542188315000169,0.0015984615930277784
