,0,1,2,3,4,5,6,7,8,9,10
0,0.0012993936909323747,0.0013107515551374757,0.0012398803537120348,0.0015859634003713675,0.0017475839629480672,0.0011605301175191436,0.0014492296388171186,0.0016366209499847938,0.0014225295083916938,0.0014356444409833044,0.0014026892984539273
1,0.0013107515551374757,0.001543998997698679,0.001141305377976725,0.0020667278721393637,0.001956982190775665,0.0011827968863060041,0.0016330811452846597,0.0016794792590350848,0.0015886588363181403,0.0016150225385718473,0.0013179815128837784
2,0.0012398803537120348,0.001141305377976725,0.0016509098187718469,0.0010440268494649083,0.0016343970680556214,0.0013055175737748598,0.0014890855838058617,0.0015765326382608828,0.0014525330809405373,0.0015219717065171716,0.002056739262044307
3,0.0015859634003713675,0.0020667278721393637,0.0010440268494649083,0.0039270348789503095,0.0028367250206438187,0.0014319479624440102,0.0022351187684135423,0.0021370427450882936,0.002162395873570606,0.002149876446293609,0.0011362675119007755
4,0.0017475839629480672,0.001956982190775665,0.0016343970680556214,0.0028367250206438187,0.002772291430025881,0.0016804113756949933,0.002257138272797377,0.0022973762786157605,0.0021855356433905498,0.0022562069238588047,0.0019412080790545852
5,0.0011605301175191436,0.0011827968863060041,0.0013055175737748598,0.0014319479624440102,0.0016804113756949933,0.0012334942771494788,0.001469000663902949,0.0015310032831511145,0.0014499489768166553,0.0014714733855011077,0.0016680528130644586
6,0.0014492296388171186,0.0016330811452846597,0.0014890855838058617,0.0022351187684135423,0.002257138272797377,0.001469000663902949,0.0020101815397699087,0.00189696689498003,0.0018521641100513772,0.0019140734389503703,0.0018525886682473078
7,0.0016366209499847938,0.0016794792590350848,0.0015765326382608828,0.0021370427450882936,0.0022973762786157605,0.0015310032831511145,0.00189696689498003,0.0021343597202316987,0.0018810042058604493,0.0019103258270912766,0.0018696237595741889
8,0.0014225295083916938,0.0015886588363181403,0.0014525330809405373,0.002162395873570606,0.0021855356433905498,0.0014499489768166553,0.0018521641100513772,0.0018810042058604493,0.0018914733134665028,0.0018805841592351546,0.001855197324224758
9,0.0014356444409833044,0.0016150225385718473,0.0015219717065171716,0.002149876446293609,0.0022562069238588047,0.0014714733855011077,0.0019140734389503703,0.0019103258270912766,0.0018805841592351546,0.0020675990043542807,0.0019344862021736708
10,0.0014026892984539273,0.0013179815128837784,0.002056739262044307,0.0011362675119007755,0.0019412080790545852,0.0016680528130644586,0.0018525886682473078,0.0018696237595741889,0.001855197324224758,0.0019344862021736708,0.002834889313869183
