,0,1,2,3,4,5,6,7,8,9,10
0,0.0013119862381992563,0.0013364760467602802,0.0012542317941013693,0.0016382736443645938,0.0017902069876024526,0.0011873708961335134,0.0014955618906682517,0.0016609708748232283,0.0014599754182355118,0.0014731327108052185,0.0014390753991791831
1,0.0013364760467602802,0.0015965630981572706,0.0011707239565802207,0.0021735421118404524,0.0020440801952873026,0.0012378261350201208,0.0017278721966344146,0.001729207649393443,0.0016652096441918565,0.001691780576752334,0.0013924828480172007
2,0.0012542317941013693,0.0011707239565802207,0.0016680369471846121,0.0011032851381742508,0.001683173780620828,0.001337619528629916,0.001542973394110116,0.001604173103432424,0.0014956294698684966,0.001566038236558838,0.0020995103103178194
3,0.0016382736443645938,0.0021735421118404524,0.0011032851381742508,0.0041445016455640025,0.0030136906958109656,0.0015427432458866436,0.002427081923071812,0.002238245301393927,0.0023177532397618754,0.0023049811835385045,0.001286812069964957
4,0.0017902069876024526,0.0020440801952873026,0.001683173780620828,0.0030136906958109656,0.0029166130537681494,0.0017716541742787918,0.0024142442910990262,0.0023797667459177466,0.0023123909639599493,0.002383444983247293,0.002064705315634884
5,0.0011873708961335134,0.0012378261350201208,0.001337619528629916,0.0015427432458866436,0.0017716541742787918,0.0012936701136284914,0.0015698826572580823,0.0015826878262808256,0.0015305880993405922,0.0015540105344105657,0.0017481635167704793
6,0.0014955618906682517,0.0017278721966344146,0.001542973394110116,0.002427081923071812,0.0024142442910990262,0.0015698826572580823,0.0021821774256800585,0.001986403062507582,0.001990530913908221,0.0020538920054359606,0.0019882966441993884
7,0.0016609708748232283,0.001729207649393443,0.001604173103432424,0.002238245301393927,0.0023797667459177466,0.0015826878262808256,0.001986403062507582,0.0021814604818527253,0.0019533522630663016,0.001982623583440035,0.0019397959219585761
8,0.0014599754182355118,0.0016652096441918565,0.0014956294698684966,0.0023177532397618754,0.0023123909639599493,0.0015305880993405922,0.001990530913908221,0.0019533522630663016,0.002003053492256445,0.001992792570077447,0.0019641068153713965
9,0.0014731327108052185,0.001691780576752334,0.001566038236558838,0.0023049811835385045,0.002383444983247293,0.0015540105344105657,0.0020538920054359606,0.001982623583440035,0.001992792570077447,0.0021815378708792536,0.0020450753813076082
10,0.0014390753991791831,0.0013924828480172007,0.0020995103103178194,0.001286812069964957,0.002064705315634884,0.0017481635167704793,0.0019882966441993884,0.0019397959219585761,0.0019641068153713965,0.0020450753813076082,0.0029422272830409713
