,0,1,2,3,4,5,6,7,8,9,10
0,0.0006750374422049282,0.0007088129168516508,0.0005489711750172368,0.0008885798646071986,0.0007434907726105491,0.0007156417934767618,0.0007912706538360263,0.0008506122569658347,0.0007460223754676563,0.0006163039416412934,0.0008861392996022368
1,0.0007088129168516508,0.0009082873113366596,0.0005813780089666753,0.0010174043299321265,0.0008142998251200939,0.0007926366106951409,0.0009469643411793434,0.0009482516708929674,0.0008380131424743892,0.0006980176720034959,0.0009699525625203387
2,0.0005489711750172368,0.0005813780089666753,0.0006328231217434968,0.0007237589396014158,0.0006238919137684526,0.0006701642942797409,0.0006735770508007072,0.000703324566057546,0.000660994022204664,0.000660974644341646,0.0009637555477175486
3,0.0008885798646071986,0.0010174043299321265,0.0007237589396014158,0.002250851026155881,0.0013829007913525651,0.0010662155961090021,0.00143838208886442,0.0012263237944074553,0.001255367961404557,0.0009426307885722904,0.0012768031087795563
4,0.0007434907726105491,0.0008142998251200939,0.0006238919137684526,0.0013829007913525651,0.0011911004428999724,0.0008726736521325664,0.0011306321006212174,0.001056066368342902,0.0010563852808208602,0.0008744672486381132,0.0012072452037338753
5,0.0007156417934767618,0.0007926366106951409,0.0006701642942797409,0.0010662155961090021,0.0008726736521325664,0.0008979327006489196,0.0009437312076501656,0.0009595602036870189,0.0008712309386142041,0.0008195800827048943,0.0011145839699340974
6,0.0007912706538360263,0.0009469643411793434,0.0006735770508007072,0.00143838208886442,0.0011306321006212174,0.0009437312076501656,0.0012443477233470429,0.0010990815137836803,0.0010551209758336655,0.0009380303341566757,0.0012475649544126932
7,0.0008506122569658347,0.0009482516708929674,0.000703324566057546,0.0012263237944074553,0.001056066368342902,0.0009595602036870189,0.0010990815137836803,0.0011676151292351208,0.0010204706594065475,0.0008763116986067572,0.0012159279076048475
8,0.0007460223754676563,0.0008380131424743892,0.000660994022204664,0.001255367961404557,0.0010563852808208602,0.0008712309386142041,0.0010551209758336655,0.0010204706594065475,0.0010458675213558463,0.0008359585669724583,0.0011986939055912361
9,0.0006163039416412934,0.0006980176720034959,0.000660974644341646,0.0009426307885722904,0.0008744672486381132,0.0008195800827048943,0.0009380303341566757,0.0008763116986067572,0.0008359585669724583,0.0008906895912760691,0.0012140979396045406
10,0.0008861392996022368,0.0009699525625203387,0.0009637555477175486,0.0012768031087795563,0.0012072452037338753,0.0011145839699340974,0.0012475649544126932,0.0012159279076048475,0.0011986939055912361,0.0012140979396045406,0.0017647691133240316
