,0,1,2,3,4,5,6,7,8,9,10
0,0.00013446211059896457,0.0001434902467194109,2.8442100530809066e-05,7.555384845805463e-05,7.910597609104284e-05,8.306984415344341e-05,9.366783886107599e-05,0.0001558511616537808,6.751217436951209e-05,3.6405862672563783e-05,-1.971836245633547e-05
1,0.0001434902467194109,0.00018583255481135827,3.868072959162124e-05,8.522920725802561e-05,9.553694326060157e-05,0.00010358348982500612,0.00011518803790083256,0.00018541671413771415,8.195948733733933e-05,5.129550247906628e-05,-1.4322952877463211e-05
2,2.8442100530809066e-05,3.868072959162124e-05,4.088167470412028e-05,2.858427067866217e-05,3.1942535889633375e-05,3.6047792491687774e-05,3.1461476921978644e-05,3.8461777518869096e-05,1.884651122403915e-05,4.105790550050543e-05,2.3732904371924712e-05
3,7.555384845805463e-05,8.522920725802561e-05,2.858427067866217e-05,0.00010435322429768964,5.934921768888616e-05,6.557872398524476e-05,6.7702918647075e-05,9.695955085849539e-05,4.876710661451821e-05,2.5543983780971707e-05,-4.9935897248029545e-06
4,7.910597609104284e-05,9.553694326060157e-05,3.1942535889633375e-05,5.934921768888616e-05,7.614313388178681e-05,6.27045543422201e-05,7.188497638172403e-05,0.00010435247588445327,4.900545456140268e-05,3.2763513067716836e-05,1.976829491520432e-06
5,8.306984415344341e-05,0.00010358348982500612,3.6047792491687774e-05,6.557872398524476e-05,6.27045543422201e-05,8.952337504073952e-05,7.31148100000302e-05,0.0001161195507455984,5.125835264886246e-05,3.5687139937317185e-05,4.119315296687127e-06
6,9.366783886107599e-05,0.00011518803790083256,3.1461476921978644e-05,6.7702918647075e-05,7.188497638172403e-05,7.31148100000302e-05,9.308032368400581e-05,0.00012475802845487467,6.750881473160941e-05,3.340477725586947e-05,-6.862011400915439e-06
7,0.0001558511616537808,0.00018541671413771415,3.8461777518869096e-05,9.695955085849539e-05,0.00010435247588445327,0.0001161195507455984,0.00012475802845487467,0.0002121262367640539,8.697035477249281e-05,4.299858229009948e-05,-1.6445403015802238e-05
8,6.751217436951209e-05,8.195948733733933e-05,1.884651122403915e-05,4.876710661451821e-05,4.900545456140268e-05,5.125835264886246e-05,6.750881473160941e-05,8.697035477249281e-05,6.178784377225517e-05,1.989491690089455e-05,-8.409415707230446e-06
9,3.6405862672563783e-05,5.129550247906628e-05,4.105790550050543e-05,2.5543983780971707e-05,3.2763513067716836e-05,3.5687139937317185e-05,3.340477725586947e-05,4.299858229009948e-05,1.989491690089455e-05,6.69393421576561e-05,3.120130916601547e-05
10,-1.971836245633547e-05,-1.4322952877463211e-05,2.3732904371924712e-05,-4.9935897248029545e-06,1.976829491520432e-06,4.119315296687127e-06,-6.862011400915439e-06,-1.6445403015802238e-05,-8.409415707230446e-06,3.120130916601547e-05,4.5688403849838384e-05
