,0,1,2,3,4,5,6,7,8,9,10
0,0.00010645128919828641,0.00010379706099545609,4.814862093770408e-05,0.00010527232530421914,7.398569319027591e-05,7.532136417228965e-05,8.548358726334831e-05,0.00010216881830329003,6.214589514889408e-05,2.9308787982383853e-05,1.9795753461164987e-05
1,0.00010379706099545609,0.00013144017509722969,5.057548780107228e-05,0.00011510120462176854,8.592554688268053e-05,8.740788860022697e-05,0.0001018017166922323,0.00012512850568624902,7.212296142921822e-05,3.141946412249583e-05,1.5392397470792212e-05
2,4.814862093770408e-05,5.057548780107228e-05,4.55447300041821e-05,4.7306612559529296e-05,3.7267719710723555e-05,3.968440614657025e-05,4.124037426031927e-05,4.535790341062344e-05,3.0547195284410934e-05,1.8601674486604762e-05,2.108251221989425e-05
3,0.00010527232530421914,0.00011510120462176854,4.7306612559529296e-05,0.00017788248013221776,0.00011061895755181832,9.537402431939005e-05,0.00012163398140132667,0.00012370633462280146,9.297276796045053e-05,3.2971486527911166e-05,1.4641559617968989e-05
4,7.398569319027591e-05,8.592554688268053e-05,3.7267719710723555e-05,0.00011061895755181832,0.00010186169324907484,7.0399530325038e-05,9.567926235676571e-05,9.471895326556894e-05,7.165825486386804e-05,1.4005855638007477e-05,7.954074274649862e-06
5,7.532136417228965e-05,8.740788860022697e-05,3.968440614657025e-05,9.537402431939005e-05,7.0399530325038e-05,8.488615105079415e-05,8.262380084632561e-05,9.594763780232167e-05,5.9414621781130575e-05,2.1241485225821107e-05,1.586057195159317e-05
6,8.548358726334831e-05,0.0001018017166922323,4.124037426031927e-05,0.00012163398140132667,9.567926235676571e-05,8.262380084632561e-05,0.00011921297970074079,0.00011529953448817706,8.388898538571646e-05,2.2089816120956624e-05,1.0838063568072927e-05
7,0.00010216881830329003,0.00012512850568624902,4.535790341062344e-05,0.00012370633462280146,9.471895326556894e-05,9.594763780232167e-05,0.00011529953448817706,0.00015276999281331615,7.951136459743463e-05,2.150759737605206e-05,1.0160676818578305e-05
8,6.214589514889408e-05,7.212296142921822e-05,3.0547195284410934e-05,9.297276796045053e-05,7.165825486386804e-05,5.9414621781130575e-05,8.388898538571646e-05,7.951136459743463e-05,7.574678073978413e-05,1.2286999836321426e-05,1.7393717687083625e-06
9,2.9308787982383853e-05,3.141946412249583e-05,1.8601674486604762e-05,3.2971486527911166e-05,1.4005855638007477e-05,2.1241485225821107e-05,2.2089816120956624e-05,2.150759737605206e-05,1.2286999836321426e-05,3.267594496466767e-05,1.823857710971971e-05
10,1.9795753461164987e-05,1.5392397470792212e-05,2.108251221989425e-05,1.4641559617968989e-05,7.954074274649862e-06,1.586057195159317e-05,1.0838063568072927e-05,1.0160676818578305e-05,1.7393717687083625e-06,1.823857710971971e-05,3.408243524782415e-05
