,0,1,2,3,4,5,6,7,8,9,10
0,0.0013067601466119781,0.0013289830114251763,0.0012526103181598068,0.0016278607541937659,0.0017841246855781509,0.0011819660704666484,0.0014917656134720368,0.0016516915713596664,0.0014553163190142244,0.001476452766457078,0.001442383825349376
1,0.0013289830114251763,0.0015858197773451843,0.0011683991261990673,0.002158612378481243,0.0020353595475298353,0.0012300768353774427,0.0017224291923225343,0.0017159032234049423,0.0016585295479059985,0.0016965407869551621,0.0013972263841709985
2,0.0012526103181598068,0.0011683991261990673,0.0016675338591367846,0.0011000543775755314,0.0016812866521384525,0.001335942597675656,0.001541795540276603,0.0016012940556686835,0.0014941839121176822,0.0015670683353203494,0.0021005368008543126
3,0.0016278607541937659,0.002158612378481243,0.0011000543775755314,0.004123754155869808,0.003001571822374406,0.0015319742314165122,0.002419517911553866,0.0022197564620427524,0.002308470071397153,0.0023115963327354776,0.0012934040476441178
4,0.0017841246855781509,0.0020353595475298353,0.0016812866521384525,0.003001571822374406,0.0029095342652018727,0.0017653638555228154,0.0024098260555115067,0.0023689671789297686,0.002306968546903795,0.0023873089763745228,0.0020685557739876567
5,0.0011819660704666484,0.0012300768353774427,0.001335942597675656,0.0015319742314165122,0.0017653638555228154,0.0012880804411261248,0.001565956546149379,0.0015730911675397546,0.0015257696573949783,0.0015574441371194931,0.0017515850922683984
6,0.0014917656134720368,0.0017224291923225343,0.001541795540276603,0.002419517911553866,0.0024098260555115067,0.001565956546149379,0.002179419777913208,0.0019796624978865762,0.0019871465048744243,0.002056303722150007,0.001990699913170528
7,0.0016516915713596664,0.0017159032234049423,0.0016012940556686835,0.0022197564620427524,0.0023689671789297686,0.0015730911675397546,0.0019796624978865762,0.0021649844076516364,0.0019450796955528538,0.001988518582319459,0.0019456702718535295
8,0.0014553163190142244,0.0016585295479059985,0.0014941839121176822,0.002308470071397153,0.002306968546903795,0.0015257696573949783,0.0019871465048744243,0.0019450796955528538,0.0019988998709905073,0.0019957524243168095,0.00196705630185007
9,0.001476452766457078,0.0016965407869551621,0.0015670683353203494,0.0023115963327354776,0.0023873089763745228,0.0015574441371194931,0.002056303722150007,0.001988518582319459,0.0019957524243168095,0.0021794286907380234,0.0020429735892103585
10,0.001442383825349376,0.0013972263841709985,0.0021005368008543126,0.0012934040476441178,0.0020685557739876567,0.0017515850922683984,0.001990699913170528,0.0019456702718535295,0.00196705630185007,0.0020429735892103585,0.002940132853109776
