,0,1,2,3,4,5,6,7,8,9,10
0,0.000652019413157394,0.000688641880288071,0.0005007183054744679,0.0008455331068009583,0.0006891888157383436,0.0006878831680257924,0.0007507590492361063,0.000815981621225296,0.0006885121370582284,0.0005584972609722078,0.0008024107154864816
1,0.000688641880288071,0.0008993624578643629,0.0005114597774164277,0.0009973118523684437,0.000766209640640254,0.0007621323995311472,0.0009075797095627005,0.0009115486318439525,0.0007779749516606806,0.0006385483763368434,0.0008554596644106438
2,0.0005007183054744679,0.0005114597774164277,0.0006189270486439343,0.0005778503916730822,0.0005116516001374311,0.0006314844899053211,0.0006009156539253537,0.0006507971360355128,0.0005708780852072969,0.0005676206248337606,0.0009180778676113068
3,0.0008455331068009583,0.0009973118523684437,0.0005778503916730822,0.0022058645757592962,0.0012803324414216682,0.0010018555150065383,0.001354796064058616,0.001148756003267751,0.0011283936249744343,0.0008167714717654145,0.0010373804155976948
4,0.0006891888157383436,0.000766209640640254,0.0005116516001374311,0.0012803324414216682,0.0010630254958285486,0.0008075443923115063,0.0010352848821047224,0.0009747355048873594,0.0009212684533990578,0.0007386033031854104,0.0010120915593848563
5,0.0006878831680257924,0.0007621323995311472,0.0006314844899053211,0.0010018555150065383,0.0008075443923115063,0.0008688198079267514,0.0008976183006677423,0.00092228481986905,0.0008086835544595138,0.0007560901151172813,0.0010426445919249415
6,0.0007507590492361063,0.0009075797095627005,0.0006009156539253537,0.001354796064058616,0.0010352848821047224,0.0008976183006677423,0.0011747710634631406,0.001040952361008694,0.0009581818731596905,0.0008402017413877234,0.0011184517441082602
7,0.000815981621225296,0.0009115486318439525,0.0006507971360355128,0.001148756003267751,0.0009747355048873594,0.00092228481986905,0.001040952361008694,0.0011201291935040952,0.0009409484085076032,0.0007957416218205198,0.0011198221085438535
8,0.0006885121370582284,0.0007779749516606806,0.0005708780852072969,0.0011283936249744343,0.0009212684533990578,0.0008086835544595138,0.0009581818731596905,0.0009409484085076032,0.00091280035864126,0.0007012378189686155,0.00103480043417287
9,0.0005584972609722078,0.0006385483763368434,0.0005676206248337606,0.0008167714717654145,0.0007386033031854104,0.0007560901151172813,0.0008402017413877234,0.0007957416218205198,0.0007012378189686155,0.0007543899079996443,0.0010452324275291398
10,0.0008024107154864816,0.0008554596644106438,0.0009180778676113068,0.0010373804155976948,0.0010120915593848563,0.0010426445919249415,0.0011184517441082602,0.0011198221085438535,0.00103480043417287,0.0010452324275291398,0.0016534187995042207
