,0,1,2,3,4,5,6,7,8,9,10
0,0.0001316303907833301,0.0001288579962467017,7.045250739840397e-05,0.00012435552116802953,9.583192688714145e-05,0.00010257657486613781,0.00010686938247320653,0.00013484337472921486,8.261014457686187e-05,5.1297336519426176e-05,4.329946148980507e-05
1,0.0001288579962467017,0.00015493168602345356,7.406550599752395e-05,0.00013467638410393992,0.000108728664750788,0.00011477739898185896,0.00012289037136316568,0.00015646645250158524,9.173574194148586e-05,5.46552631085523e-05,4.2288437580713504e-05
2,7.045250739840397e-05,7.406550599752395e-05,6.41540710652547e-05,6.369364012509943e-05,5.567740091267066e-05,6.361198176666102e-05,6.035906759383308e-05,7.535337568606268e-05,4.934627247348469e-05,3.687866143382928e-05,3.878813047134163e-05
3,0.00012435552116802953,0.00013467638410393992,6.369364012509943e-05,0.0001921126562115874,0.00012675181920802927,0.00011593367959654583,0.00013792105839004057,0.00014894429458613378,0.00010878518258944512,4.909563097156912e-05,3.1051953171762925e-05
4,9.583192688714145e-05,0.000108728664750788,5.567740091267066e-05,0.00012675181920802927,0.00012004315218149141,9.387032225943015e-05,0.00011437788672454494,0.00012393194263723322,8.99649727575446e-05,3.209841973557139e-05,2.5790754799096776e-05
5,0.00010257657486613781,0.00011477739898185896,6.361198176666102e-05,0.00011593367959654583,9.387032225943015e-05,0.00011434824531401462,0.00010580576181741157,0.00013151373819688666,8.169225356448002e-05,4.481777247237622e-05,4.071789387975785e-05
6,0.00010686938247320653,0.00012289037136316568,6.035906759383308e-05,0.00013792105839004057,0.00011437788672454494,0.00010580576181741157,0.0001373502706559147,0.00014289119395538872,0.00010116784521599319,4.094876147386438e-05,3.12756097894583e-05
7,0.00013484337472921486,0.00015646645250158524,7.535337568606268e-05,0.00014894429458613378,0.00012393194263723322,0.00013151373819688666,0.00014289119395538872,0.00019420689791547477,0.00010545182978726467,5.1142467451304226e-05,4.351584298496242e-05
8,8.261014457686187e-05,9.173574194148586e-05,4.934627247348469e-05,0.00010878518258944512,8.99649727575446e-05,8.169225356448002e-05,0.00010116784521599319,0.00010545182978726467,9.198596955446506e-05,3.086081914015257e-05,2.2664494974118992e-05
9,5.1297336519426176e-05,5.46552631085523e-05,3.687866143382928e-05,4.909563097156912e-05,3.209841973557139e-05,4.481777247237622e-05,4.094876147386438e-05,5.1142467451304226e-05,3.086081914015257e-05,5.0622077130210426e-05,3.5505955398058775e-05
10,4.329946148980507e-05,4.2288437580713504e-05,3.878813047134163e-05,3.1051953171762925e-05,2.5790754799096776e-05,4.071789387975785e-05,3.12756097894583e-05,4.351584298496242e-05,2.2664494974118992e-05,3.5505955398058775e-05,4.757178724920174e-05
