,0,1,2,3,4,5,6,7,8,9,10
0,0.00013008125942162526,0.0001351102578087559,6.631251782049468e-05,0.00011480373895348993,8.934371210213576e-05,0.00010374271936236176,0.00010363007946842177,0.0001410225577743996,8.393974449427304e-05,4.7718390027608605e-05,3.12397197310155e-05
1,0.0001351102578087559,0.00016091606774889071,6.961333322838704e-05,0.00013393679886082862,0.00010614323415969435,0.00011608275392543825,0.00012770479014824525,0.00016131751898279268,0.00010113379616559974,5.1507872284478135e-05,3.462573041925934e-05
2,6.631251782049468e-05,6.961333322838704e-05,5.535115485260236e-05,5.3720341502562876e-05,4.6485582317054066e-05,5.726645471117673e-05,5.4866776948182724e-05,6.838888780672295e-05,4.835573255009684e-05,2.9627954092787075e-05,2.953381827354831e-05
3,0.00011480373895348993,0.00013393679886082862,5.3720341502562876e-05,0.00017250798826811458,0.00011254547807369622,0.00011061820386501615,0.0001261110408847566,0.00014653940005128488,0.00010341166435794206,4.035647550061543e-05,1.3646705190810839e-05
4,8.934371210213576e-05,0.00010614323415969435,4.6485582317054066e-05,0.00011254547807369622,0.00010871444981228025,8.815134234302665e-05,0.00010613548485628696,0.00011926949982751273,8.706140459589646e-05,2.4290232493530798e-05,1.290608276924894e-05
5,0.00010374271936236176,0.00011608275392543825,5.726645471117673e-05,0.00011061820386501615,8.815134234302665e-05,0.0001122264954957045,0.00010556856603323048,0.00013113443466240983,8.597062675578261e-05,3.98393993113759e-05,3.216545091737505e-05
6,0.00010363007946842177,0.00012770479014824525,5.4866776948182724e-05,0.0001261110408847566,0.00010613548485628696,0.00010556856603323048,0.0001322716147244646,0.00014726892734252003,0.00010114260099562829,3.618334040840904e-05,1.7898490496313152e-05
7,0.0001410225577743996,0.00016131751898279268,6.838888780672295e-05,0.00014653940005128488,0.00011926949982751273,0.00013113443466240983,0.00014726892734252003,0.00019709335938515723,0.0001157227161297794,4.60180818320835e-05,3.372576900183687e-05
8,8.393974449427304e-05,0.00010113379616559974,4.835573255009684e-05,0.00010341166435794206,8.706140459589646e-05,8.597062675578261e-05,0.00010114260099562829,0.0001157227161297794,9.535646757994904e-05,2.9958779416014528e-05,1.3251019449290949e-05
9,4.7718390027608605e-05,5.1507872284478135e-05,2.9627954092787075e-05,4.035647550061543e-05,2.4290232493530798e-05,3.98393993113759e-05,3.618334040840904e-05,4.60180818320835e-05,2.9958779416014528e-05,4.462263658487322e-05,2.729085577911212e-05
10,3.12397197310155e-05,3.462573041925934e-05,2.953381827354831e-05,1.3646705190810839e-05,1.290608276924894e-05,3.216545091737505e-05,1.7898490496313152e-05,3.372576900183687e-05,1.3251019449290949e-05,2.729085577911212e-05,3.6198972722364057e-05
