,0,1,2,3,4,5,6,7,8,9,10
0,0.0006835844141881702,0.0007043498901532071,0.0005077215685349243,0.001016531461680017,0.0008130728375561214,0.0006838290846170184,0.0007141404927652397,0.0007785154800807302,0.0007722846848670405,0.0007177204425726156,0.0007980330305719218
1,0.0007043498901532071,0.0008712611735766213,0.0005116329649702056,0.0011739189621477793,0.0008886257792701856,0.0007245758386508912,0.0007878842266703033,0.0008062034211413999,0.0008492840612901331,0.0008357584999744371,0.0008108291517778278
2,0.0005077215685349243,0.0005116329649702056,0.0006201754660451021,0.0006242274642048034,0.0005447406025790172,0.000627308060513537,0.0005834346669016646,0.0006344901871488071,0.0005921957562648078,0.0006138252240851234,0.0009131922212051134
3,0.001016531461680017,0.0011739189621477793,0.0006242274642048034,0.00289907039993958,0.001796635145356899,0.0010704386933402276,0.001414950092981195,0.0011666825096017055,0.0015067516380870536,0.0013787659336015625,0.0011218230723952492
4,0.0008130728375561214,0.0008886257792701856,0.0005447406025790172,0.001796635145356899,0.0014464316979182952,0.000851758285613936,0.0010632385244337946,0.0009743712140105523,0.0011999408125291046,0.0011639218485103582,0.001066730681591977
5,0.0006838290846170184,0.0007245758386508912,0.000627308060513537,0.0010704386933402276,0.000851758285613936,0.0008341765431473422,0.0008019199113170813,0.000841311429338291,0.0008272320144064201,0.0008523691349925325,0.0010012029435414419
6,0.0007141404927652397,0.0007878842266703033,0.0005834346669016646,0.001414950092981195,0.0010632385244337946,0.0008019199113170813,0.0009305817809149728,0.0008394789444548616,0.0009446783561233867,0.0009887762822172366,0.0010035990782940511
7,0.0007785154800807302,0.0008062034211413999,0.0006344901871488071,0.0011666825096017055,0.0009743712140105523,0.000841311429338291,0.0008394789444548616,0.0009553191044480886,0.0009130134096807993,0.0008915214828899477,0.0010225462011100943
8,0.0007722846848670405,0.0008492840612901331,0.0005921957562648078,0.0015067516380870536,0.0011999408125291046,0.0008272320144064201,0.0009446783561233867,0.0009130134096807993,0.001110703096709249,0.0010265219028982502,0.0010581909107433866
9,0.0007177204425726156,0.0008357584999744371,0.0006138252240851234,0.0013787659336015625,0.0011639218485103582,0.0008523691349925325,0.0009887762822172366,0.0008915214828899477,0.0010265219028982502,0.0011700691559915566,0.0011625847460240669
10,0.0007980330305719218,0.0008108291517778278,0.0009131922212051134,0.0011218230723952492,0.001066730681591977,0.0010012029435414419,0.0010035990782940511,0.0010225462011100943,0.0010581909107433866,0.0011625847460240669,0.0016038516073794329
