,0,1,2,3,4,5,6,7,8,9,10
0,0.0012380459755333187,0.0012096597625981102,0.0011793997706998848,0.0013963516027749939,0.0015859823263944073,0.00105696350233763,0.0012822302358674582,0.001534363695265841,0.0012822200724951069,0.0013055160992955816,0.001268761267955143
1,0.0012096597625981102,0.0013790581915078268,0.0010423781974225625,0.0017586172351166049,0.0016938107786654186,0.0010141620511726335,0.001361983210298509,0.0015120613818407878,0.0013603382301048085,0.0014042982894394095,0.0011003739957683271
2,0.0011793997706998848,0.0010423781974225625,0.0015923024079182748,0.0008584453820648577,0.0014764860562891174,0.0012056393490584181,0.0013270688407735522,0.0014760389707964574,0.00131573029568764,0.0013964000753903438,0.001927142095844293
3,0.0013963516027749939,0.0017586172351166049,0.0008584453820648577,0.003352967072957301,0.002345496599636905,0.0011160687682950643,0.0017290910368475258,0.0018240045852506508,0.0017361629857510809,0.0017565634284564691,0.0007295684133659447
4,0.0015859823263944073,0.0016938107786654186,0.0014764860562891174,0.002345496599636905,0.0023525399663584493,0.0014114660324308379,0.0018250174834528897,0.0020300748808986294,0.0018214267185918628,0.0019204841488560298,0.0015942938713891695
5,0.00105696350233763,0.0010141620511726335,0.0012056393490584181,0.0011160687682950643,0.0014114660324308379,0.0010636724405936127,0.0011936326398241436,0.0013593925372621298,0.0012170835142091413,0.0012583874912135016,0.0014477828962668228
6,0.0012822302358674582,0.001361983210298509,0.0013270688407735522,0.0017290910368475258,0.0018250174834528897,0.0011936326398241436,0.0015666752175483977,0.0016211173825415289,0.0014776730920704787,0.001570286351131274,0.0014969081348747658
7,0.001534363695265841,0.0015120613818407878,0.0014760389707964574,0.0018240045852506508,0.0020300748808986294,0.0013593925372621298,0.0016211173825415289,0.001964672262045335,0.001648983544805054,0.001695615319399932,0.0016481687216251411
8,0.0012822200724951069,0.0013603382301048085,0.00131573029568764,0.0017361629857510809,0.0018214267185918628,0.0012170835142091413,0.0014776730920704787,0.001648983544805054,0.0015757225388572705,0.0015898355388620222,0.0015546648389836958
9,0.0013055160992955816,0.0014042982894394095,0.0013964000753903438,0.0017565634284564691,0.0019204841488560298,0.0012583874912135016,0.001570286351131274,0.001695615319399932,0.0015898355388620222,0.0018015645323845673,0.0016589869831996568
10,0.001268761267955143,0.0011003739957683271,0.001927142095844293,0.0007295684133659447,0.0015942938713891695,0.0014477828962668228,0.0014969081348747658,0.0016481687216251411,0.0015546648389836958,0.0016589869831996568,0.0025499254132732518
