,0,1,2,3,4,5,6,7,8,9,10
0,0.0007108411992273958,0.0007376675050503706,0.0005132590338607331,0.0010486355669450367,0.0008490048552562204,0.0007042610528280784,0.000754484822857688,0.0008157424851277633,0.0008012324657244909,0.0007368350505680328,0.0008228318155089044
1,0.0007376675050503706,0.000903758686482987,0.0005161760781783959,0.0011930842002024482,0.0009227950279339284,0.0007441701006139056,0.0008241204308725592,0.0008456241267444563,0.0008744023015825,0.0008524902785790479,0.0008347088648734735
2,0.0005132590338607331,0.0005161760781783959,0.0006206984581579893,0.0006253191609940028,0.0005494026445440329,0.0006300035657812312,0.0005880933689672057,0.0006404075723749175,0.0005952999272327301,0.000615914403870975,0.0009164902410205723
3,0.0010486355669450367,0.0011930842002024482,0.0006253191609940028,0.0028878953429045443,0.0018151612054091934,0.001081374889566905,0.0014305566496138219,0.0011956849076074703,0.001515797849964255,0.001385095180573682,0.0011353349227182904
4,0.0008490048552562204,0.0009227950279339284,0.0005494026445440329,0.0018151612054091934,0.0014822411910241945,0.0008723157325844916,0.0011009221001274444,0.0010162358146332971,0.0012259342353621466,0.0011812585377415368,0.0010917975259578867
5,0.0007042610528280784,0.0007441701006139056,0.0006300035657812312,0.001081374889566905,0.0008723157325844916,0.0008459737657079342,0.0008236095777585719,0.0008652385759538584,0.0008422180445617794,0.0008623599993772334,0.0010155853957810042
6,0.000754484822857688,0.0008241204308725592,0.0005880933689672057,0.0014305566496138219,0.0011009221001274444,0.0008236095777585719,0.0009695089475162885,0.0008849102839475854,0.0009712075686293829,0.0010065257286133206,0.0010300796104288322
7,0.0008157424851277633,0.0008456241267444563,0.0006404075723749175,0.0011956849076074703,0.0010162358146332971,0.0008652385759538584,0.0008849102839475854,0.0010016648262944812,0.0009449591581674222,0.0009127235413244477,0.0010516593883089162
8,0.0008012324657244909,0.0008744023015825,0.0005952999272327301,0.001515797849964255,0.0012259342353621466,0.0008422180445617794,0.0009712075686293829,0.0009449591581674222,0.0011286380032110633,0.0010385465529436167,0.0010765016869924674
9,0.0007368350505680328,0.0008524902785790479,0.000615914403870975,0.001385095180573682,0.0011812585377415368,0.0008623599993772334,0.0010065257286133206,0.0009127235413244477,0.0010385465529436167,0.0011781267788427909,0.0011747896401169632
10,0.0008228318155089044,0.0008347088648734735,0.0009164902410205723,0.0011353349227182904,0.0010917975259578867,0.0010155853957810042,0.0010300796104288322,0.0010516593883089162,0.0010765016869924674,0.0011747896401169632,0.0016213843083567525
