,0,1,2,3,4,5,6,7,8,9,10
0,0.0012341332270211296,0.0012049758999127928,0.0011794665004780374,0.001382232616797037,0.0015766332885697946,0.0010507624670144464,0.0012764015112985254,0.0015259580361334647,0.0012722448298996387,0.0013012248299358578,0.0012620108598710197
1,0.0012049758999127928,0.0013737651097749579,0.0010443490354861576,0.0017397215217290207,0.001682322643393283,0.001006657666290388,0.001356064299861361,0.0015013696756140567,0.0013477016283603373,0.0014004756086465388,0.0010934860662311489
2,0.0011794665004780374,0.0010443490354861576,0.0015962250089074162,0.000857221271735695,0.0014779367922491931,0.0012063729474386998,0.0013322902765250976,0.001474542679474304,0.0013152895966069614,0.0014008245384356658,0.0019294788345516926
3,0.001382232616797037,0.0017397215217290207,0.000857221271735695,0.003299788529435231,0.0023092974890191785,0.0010926305468243601,0.0017031059377806076,0.0017946317973966423,0.0016995309454683686,0.0017377663647961648,0.000704643865385631
4,0.0015766332885697946,0.001682322643393283,0.0014779367922491931,0.0023092974890191785,0.002329213138943523,0.0013962656466521629,0.0018106074966898827,0.0020096981602039593,0.0017967741449827059,0.0019104588054431625,0.0015790836350171005
5,0.0010507624670144464,0.001006657666290388,0.0012063729474386998,0.0010926305468243601,0.0013962656466521629,0.0010536987168971378,0.0011843088532024558,0.0013459118982062186,0.0012009190345565344,0.001251779954100613,0.0014375186350020386
6,0.0012764015112985254,0.001356064299861361,0.0013322902765250976,0.0017031059377806076,0.0018106074966898827,0.0011843088532024558,0.0015613512498300077,0.0016068345567419656,0.001461069301041214,0.0015677267663131709,0.00149004062805287
7,0.0015259580361334647,0.0015013696756140567,0.001474542679474304,0.0017946317973966423,0.0020096981602039593,0.0013459118982062186,0.0016068345567419656,0.0019472565386439984,0.001627917123028251,0.0016847887308866296,0.0016327057613455247
8,0.0012722448298996387,0.0013477016283603373,0.0013152895966069614,0.0016995309454683686,0.0017967741449827059,0.0012009190345565344,0.001461069301041214,0.001627917123028251,0.0015501172610723987,0.0015776924420453677,0.0015371913841218325
9,0.0013012248299358578,0.0014004756086465388,0.0014008245384356658,0.0017377663647961648,0.0019104588054431625,0.001251779954100613,0.0015677267663131709,0.0016847887308866296,0.0015776924420453677,0.001800658120252057,0.001654207283241178
10,0.0012620108598710197,0.0010934860662311489,0.0019294788345516926,0.000704643865385631,0.0015790836350171005,0.0014375186350020386,0.00149004062805287,0.0016327057613455247,0.0015371913841218325,0.001654207283241178,0.0025395122672948953
