,0,1,2,3,4,5,6,7,8,9,10
0,0.0007375745255095993,0.0008008906316578046,0.0004684177354616126,0.0012545330587782405,0.0010056789968127832,0.0007544054372413932,0.0009161794297692237,0.0009180258928121501,0.0009126480622135502,0.0007788863108952617,0.0008757998444494154
1,0.0008008906316578046,0.0010431341243709355,0.00045065053208320993,0.0015814433678815307,0.001218301151752921,0.0008486377649595526,0.0011360138537990616,0.001048097564883644,0.0010920400949591313,0.00094473716550931,0.0009485231038918286
2,0.0004684177354616126,0.00045065053208320993,0.0005340470085622153,0.0006737320745560069,0.0005862778844279334,0.0006023024311947473,0.0005985157732817491,0.0006263147598823038,0.0005915853615985286,0.000574149864080078,0.0008733923634918963
3,0.0012545330587782405,0.0015814433678815307,0.0006737320745560069,0.0035157481735129652,0.002292826743936699,0.0013303548428597759,0.0019907555825072233,0.0016003735236038465,0.001928309944811625,0.0016389794590623032,0.0014319963555798447
4,0.0010056789968127832,0.001218301151752921,0.0005862778844279334,0.002292826743936699,0.0018456453881323664,0.0010617600899071279,0.001527132699072114,0.0013241413452204538,0.0015397871493979937,0.001374440949560771,0.0013175266706112621
5,0.0007544054372413932,0.0008486377649595526,0.0006023024311947473,0.0013303548428597759,0.0010617600899071279,0.0009203729333248431,0.0010287548348896294,0.0010022164065319919,0.000987370484830617,0.000931210422533449,0.0010989960228994533
6,0.0009161794297692237,0.0011360138537990616,0.0005985157732817491,0.0019907555825072233,0.001527132699072114,0.0010287548348896294,0.0014574600662191424,0.0012295667424402313,0.0013263889441239725,0.0012108102733574717,0.001270852362830438
7,0.0009180258928121501,0.001048097564883644,0.0006263147598823038,0.0016003735236038465,0.0013241413452204538,0.0010022164065319919,0.0012295667424402313,0.001239808967776852,0.0011930449103380878,0.0010456248484058052,0.0012098117998165989
8,0.0009126480622135502,0.0010920400949591313,0.0005915853615985286,0.001928309944811625,0.0015397871493979937,0.000987370484830617,0.0013263889441239725,0.0011930449103380878,0.0013857056973453667,0.0011812454216264263,0.001245485620248639
9,0.0007788863108952617,0.00094473716550931,0.000574149864080078,0.0016389794590623032,0.001374440949560771,0.000931210422533449,0.0012108102733574717,0.0010456248484058052,0.0011812454216264263,0.0012391593026567934,0.0012499764414052026
10,0.0008757998444494154,0.0009485231038918286,0.0008733923634918963,0.0014319963555798447,0.0013175266706112621,0.0010989960228994533,0.001270852362830438,0.0012098117998165989,0.001245485620248639,0.0012499764414052026,0.0017134025377861463
