,0,1,2,3,4,5,6,7,8,9,10
0,0.001245657253984131,0.0012049440658462606,0.0011811758078299414,0.0013666855025088439,0.00157370732494597,0.0010549737699770336,0.0012678324293484648,0.00153695371024382,0.0012746739971197095,0.0012888038456804892,0.001265631177695707
1,0.0012049440658462606,0.0013357319968175941,0.0010258521677900998,0.0016349762538667607,0.0016147561247562756,0.0009752794297279869,0.0012762791635833833,0.00148327861070983,0.0012977524416623084,0.001326251976291161,0.0010485387593138146
2,0.0011811758078299414,0.0010258521677900998,0.001587571714782031,0.00080415286896163,0.0014447169947970633,0.0011917948526579288,0.0012921478975851993,0.0014675782741845017,0.0012915350119581436,0.0013630149700469833,0.001908475594296265
3,0.0013666855025088439,0.0016349762538667607,0.00080415286896163,0.003032467145509552,0.002127219392319805,0.0010006349970332863,0.0014946295120967963,0.0017304493252276658,0.001559025072249264,0.0015502352068862393,0.0005766339421392566
4,0.00157370732494597,0.0016147561247562756,0.0014447169947970633,0.002127219392319805,0.0022099520896763977,0.0013395062454395843,0.0016709289495696977,0.001974971246428895,0.001707561934269764,0.0017817904035581217,0.0014985785177217999
5,0.0010549737699770336,0.0009752794297279869,0.0011917948526579288,0.0010006349970332863,0.0013395062454395843,0.0010293965200828296,0.0011153192928760776,0.0013351412012397792,0.001160713964835209,0.0011860776872623215,0.001401957152460426
6,0.0012678324293484648,0.0012762791635833833,0.0012921478975851993,0.0014946295120967963,0.0016709289495696977,0.0011153192928760776,0.0014003064507321875,0.0015606108930769642,0.0013543295109505306,0.0014210297106335705,0.0013928049508384992
7,0.00153695371024382,0.00148327861070983,0.0014675782741845017,0.0017304493252276658,0.001974971246428895,0.0013351412012397792,0.0015606108930769642,0.0019495821063186742,0.001606888991964272,0.0016379787275866266,0.0016155023900092176
8,0.0012746739971197095,0.0012977524416623084,0.0012915350119581436,0.001559025072249264,0.001707561934269764,0.001160713964835209,0.0013543295109505306,0.001606888991964272,0.0014853821141209834,0.0014778381943125003,0.0014795605629781344
9,0.0012888038456804892,0.001326251976291161,0.0013630149700469833,0.0015502352068862393,0.0017817904035581217,0.0011860776872623215,0.0014210297106335705,0.0016379787275866266,0.0014778381943125003,0.0016692862372801565,0.001563072273797944
10,0.001265631177695707,0.0010485387593138146,0.001908475594296265,0.0005766339421392566,0.0014985785177217999,0.001401957152460426,0.0013928049508384992,0.0016155023900092176,0.0014795605629781344,0.001563072273797944,0.002488686522193876
