,0,1,2,3,4,5,6,7,8,9,10
0,0.00013392500482490644,0.00013404595156557642,6.961539142564419e-05,0.00012109915783786073,9.512878366324198e-05,0.00010359532557432425,0.0001092133511177734,0.00014043560744850795,8.774530166022652e-05,5.026499436495676e-05,3.912321534217877e-05
1,0.00013404595156557642,0.00016474395258146032,7.420739122036199e-05,0.00013247616957265043,0.00010919716881823143,0.00011852495980517663,0.00012792840713328422,0.00016726348260840359,0.00010033122092864362,5.448862981342536e-05,3.668277242188487e-05
2,6.961539142564419e-05,7.420739122036199e-05,6.230053501230864e-05,5.940382917681082e-05,5.3749823054103465e-05,6.170778627422193e-05,5.9781440820212285e-05,7.527272778815414e-05,5.067192745066618e-05,3.4955350100870976e-05,3.624061962877648e-05
3,0.00012109915783786073,0.00013247616957265043,5.940382917681082e-05,0.0001828352381524865,0.0001222080297070149,0.00011059947619469964,0.0001352987330727373,0.00014597994571780547,0.00010961456690466073,4.4725123911297316e-05,2.6649175692393314e-05
4,9.512878366324198e-05,0.00010919716881823143,5.3749823054103465e-05,0.0001222080297070149,0.00011804906125968392,9.200774284809994e-05,0.00011394034899696107,0.00012420064283204637,9.162773832057485e-05,3.008802459801493e-05,2.2951955065716218e-05
5,0.00010359532557432425,0.00011852495980517663,6.170778627422193e-05,0.00011059947619469964,9.200774284809994e-05,0.00011371265917215519,0.00010704340687127781,0.00013538751620427038,8.624301015346748e-05,4.272681326727246e-05,3.597385226833871e-05
6,0.0001092133511177734,0.00012792840713328422,5.9781440820212285e-05,0.0001352987330727373,0.00011394034899696107,0.00010704340687127781,0.0001397089881482391,0.0001483518485401078,0.00010600226898992812,4.0189832271535534e-05,2.753280676645642e-05
7,0.00014043560744850795,0.00016726348260840359,7.527272778815414e-05,0.00014597994571780547,0.00012420064283204637,0.00013538751620427038,0.0001483518485401078,0.00020605731070885109,0.00011506324894253787,5.0714003903378234e-05,3.703287158202152e-05
8,8.774530166022652e-05,0.00010033122092864362,5.067192745066618e-05,0.00010961456690466073,9.162773832057485e-05,8.624301015346748e-05,0.00010600226898992812,0.00011506324894253787,9.873775060803687e-05,3.1958500346239736e-05,1.9350827739410247e-05
9,5.026499436495676e-05,5.448862981342536e-05,3.4955350100870976e-05,4.4725123911297316e-05,3.008802459801493e-05,4.272681326727246e-05,4.0189832271535534e-05,5.0714003903378234e-05,3.1958500346239736e-05,4.863639202950559e-05,3.304788286765082e-05
10,3.912321534217877e-05,3.668277242188487e-05,3.624061962877648e-05,2.6649175692393314e-05,2.2951955065716218e-05,3.597385226833871e-05,2.753280676645642e-05,3.703287158202152e-05,1.9350827739410247e-05,3.304788286765082e-05,4.7495839408561335e-05
