,0,1,2,3,4,5,6,7,8,9,10
0,0.0006820677358197534,0.0007531536821208309,0.00047159267242543847,0.001144830231609216,0.0008804380038725166,0.0007605700327712225,0.0008709293563759225,0.0008869229949715147,0.0008194004205073161,0.0007314081159588865,0.00084430956966951
1,0.0007531536821208309,0.0009960982217568771,0.00044830221678944743,0.0015144306143618968,0.001108491819081972,0.0008548632118518317,0.0010910913772325473,0.001013811417343951,0.0010086722240427286,0.0008984719911334325,0.0009154052509465455
2,0.00047159267242543847,0.00044830221678944743,0.0005330645721479349,0.0007137310039041901,0.0005806894520568206,0.0006082740659704588,0.0005925381440078214,0.0006187507925193678,0.0005877399561798867,0.0005696640527914745,0.0008690739152760485
3,0.001144830231609216,0.0015144306143618968,0.0007137310039041901,0.003205494980845918,0.00202205646092783,0.0013549024899685031,0.001918398170429958,0.0015645351437534303,0.0017391027460001206,0.0015622241237567395,0.0013943641602801628
4,0.0008804380038725166,0.001108491819081972,0.0005806894520568206,0.00202205646092783,0.0015965881135488237,0.0010586895890934646,0.001433750548809122,0.00126051043247881,0.0013485325054840025,0.001273492262061067,0.0012474627097556314
5,0.0007605700327712225,0.0008548632118518317,0.0006082740659704588,0.0013549024899685031,0.0010586895890934646,0.0009282847243375318,0.0010292410852226234,0.0010021920826621448,0.0009879869451174313,0.0009332395950447314,0.0011018564808496817
6,0.0008709293563759225,0.0010910913772325473,0.0005925381440078214,0.001918398170429958,0.001433750548809122,0.0010292410852226234,0.0014179594243481977,0.0011995464959048353,0.0012535848059192674,0.001169203372900061,0.001240101343796713
7,0.0008869229949715147,0.001013811417343951,0.0006187507925193678,0.0015645351437534303,0.00126051043247881,0.0010021920826621448,0.0011995464959048353,0.0012153494756343007,0.0011422303023943745,0.0010143435287604022,0.0011853943648891321
8,0.0008194004205073161,0.0010086722240427286,0.0005877399561798867,0.0017391027460001206,0.0013485325054840025,0.0009879869451174313,0.0012535848059192674,0.0011422303023943745,0.0012393472317405486,0.001103382332090728,0.0011912188524566458
9,0.0007314081159588865,0.0008984719911334325,0.0005696640527914745,0.0015622241237567395,0.001273492262061067,0.0009332395950447314,0.001169203372900061,0.0010143435287604022,0.001103382332090728,0.001195520904913538,0.0012182916129877728
10,0.00084430956966951,0.0009154052509465455,0.0008690739152760485,0.0013943641602801628,0.0012474627097556314,0.0011018564808496817,0.001240101343796713,0.0011853943648891321,0.0011912188524566458,0.0012182916129877728,0.0016897285924569103
