,0,1,2,3,4,5,6,7,8,9,10
0,0.0006737019884834126,0.0007178765833166754,0.00046135107374426296,0.0010603506020526814,0.0008076440154271749,0.0007210837356272241,0.0008233008668612278,0.0008617513939535563,0.0007588359993186021,0.0006488150546205846,0.0007912991463181966
1,0.0007178765833166754,0.0009385546025682459,0.00045329494693727433,0.0013034609852686802,0.0009334318275692508,0.0008086321401596774,0.0010097851243982812,0.0009756958503303404,0.0008760686445665065,0.0007656481981224311,0.0008369103391668915
2,0.00046135107374426296,0.00045329494693727433,0.0005755065618282802,0.0005608052750338575,0.0004662117004445299,0.000610407517611327,0.0005685418947379185,0.0006227216336948311,0.0005172007816974349,0.000523914487206275,0.0008576561140972591
3,0.0010603506020526814,0.0013034609852686802,0.0005608052750338575,0.0031233567865443924,0.0019032555397712253,0.0012035253247758484,0.0017510321764912884,0.001423590627198107,0.0015848845215438764,0.0013211382388774871,0.0011889282479490804
4,0.0008076440154271749,0.0009334318275692508,0.0004662117004445299,0.0019032555397712253,0.0014597288769489336,0.0009310467670626558,0.001284937735528373,0.001143545774271091,0.001196201439838579,0.0010544509416120728,0.0010703769345859861
5,0.0007210837356272241,0.0008086321401596774,0.000610407517611327,0.0012035253247758484,0.0009310467670626558,0.0009062809713682473,0.0009748022371197796,0.0009735935081749952,0.0008911140820313402,0.000853347414211821,0.0010531297725030894
6,0.0008233008668612278,0.0010097851243982812,0.0005685418947379185,0.0017510321764912884,0.001284937735528373,0.0009748022371197796,0.001331588800177433,0.00114650888191028,0.001129478809519717,0.001038385751757615,0.0011509564652177474
7,0.0008617513939535563,0.0009756958503303404,0.0006227216336948311,0.001423590627198107,0.001143545774271091,0.0009735935081749952,0.00114650888191028,0.0011903927826615844,0.0010539540439943355,0.0009287921774885213,0.0011349648642251086
8,0.0007588359993186021,0.0008760686445665065,0.0005172007816974349,0.0015848845215438764,0.001196201439838579,0.0008911140820313402,0.001129478809519717,0.0010539540439943355,0.001093218908476957,0.0009166996397069035,0.0010506732359840606
9,0.0006488150546205846,0.0007656481981224311,0.000523914487206275,0.0013211382388774871,0.0010544509416120728,0.000853347414211821,0.001038385751757615,0.0009287921774885213,0.0009166996397069035,0.0010046963686009328,0.0010833177054101074
10,0.0007912991463181966,0.0008369103391668915,0.0008576561140972591,0.0011889282479490804,0.0010703769345859861,0.0010531297725030894,0.0011509564652177474,0.0011349648642251086,0.0010506732359840606,0.0010833177054101074,0.0016025774803402218
