,0,1,2,3,4,5,6,7,8,9,10
0,0.0012351638267569414,0.001195762813806908,0.001151608225579116,0.0013663970122306348,0.0015466097632357734,0.001030252754600208,0.0012407526267205638,0.0015244525486999517,0.0012476133119607054,0.001264968515088079,0.0012171093603592124
1,0.001195762813806908,0.001338823025217239,0.0009827515428921703,0.0016755541008557772,0.0015978907001054576,0.0009500376988569502,0.0012611459556267468,0.0014791512574385496,0.0012762325479187668,0.0013104926632989853,0.00098591452579596
2,0.001151608225579116,0.0009827515428921703,0.0015309467853693143,0.0007400974997721963,0.0013577633179997918,0.0011277325430382485,0.001202585277306904,0.0014218044751530205,0.0012119445821398333,0.0012879611467902505,0.0018029959655236538
3,0.0013663970122306348,0.0016755541008557772,0.0007400974997721963,0.0031823227485959587,0.002151593402617547,0.0009866978111386824,0.0015253049126749652,0.0017551031813390684,0.0015661978906730564,0.0015682823556513962,0.0005012681388086698
4,0.0015466097632357734,0.0015978907001054576,0.0013577633179997918,0.002151593402617547,0.002144187317480231,0.0012734461324079745,0.0016062661467266949,0.0019468789375900082,0.0016390090864569784,0.0017233743171578076,0.0013608701984160199
5,0.001030252754600208,0.0009500376988569502,0.0011277325430382485,0.0009866978111386824,0.0012734461324079745,0.0009723301565022083,0.0010487436140214767,0.0013034788652025056,0.0010962625054869203,0.0011282705589077517,0.0012941958418574374
6,0.0012407526267205638,0.0012611459556267468,0.001202585277306904,0.0015253049126749652,0.0016062661467266949,0.0010487436140214767,0.0013370105039771242,0.0015335907445551225,0.0012861553159990865,0.0013634402935308178,0.0012520661365449453
7,0.0015244525486999517,0.0014791512574385496,0.0014218044751530205,0.0017551031813390684,0.0019468789375900082,0.0013034788652025056,0.0015335907445551225,0.0019388587069562157,0.0015759712522760742,0.0016127025275204483,0.0015453481103369503
8,0.0012476133119607054,0.0012762325479187668,0.0012119445821398333,0.0015661978906730564,0.0016390090864569784,0.0010962625054869203,0.0012861553159990865,0.0015759712522760742,0.0014160156300429987,0.0014173590966270319,0.0013505205631037032
9,0.001264968515088079,0.0013104926632989853,0.0012879611467902505,0.0015682823556513962,0.0017233743171578076,0.0011282705589077517,0.0013634402935308178,0.0016127025275204483,0.0014173590966270319,0.0016174793941112209,0.0014436183184349043
10,0.0012171093603592124,0.00098591452579596,0.0018029959655236538,0.0005012681388086698,0.0013608701984160199,0.0012941958418574374,0.0012520661365449453,0.0015453481103369503,0.0013505205631037032,0.0014436183184349043,0.002300892007747833
