,0,1,2,3,4,5,6,7,8,9,10
0,0.0007435936806351352,0.0008034927027085697,0.0004799485796379448,0.0012557916929200334,0.001005895250264659,0.0007808207599220179,0.0009195749713589108,0.0009326603041335547,0.0009176070801429219,0.0008105022941369221,0.0008872097049611884
1,0.0008034927027085697,0.001034742747735479,0.0004607420648914662,0.0015795157027605274,0.0012155368425446505,0.0008882969024407626,0.00113471551067567,0.0010662060723250874,0.001094162792503807,0.000991927757149007,0.0009594254861756102
2,0.0004799485796379448,0.0004607420648914662,0.000553396069807045,0.0006774696720064526,0.0005882257570270441,0.0006377515082235416,0.0006065050439606854,0.0006480270834583172,0.0006010966211605601,0.0006167266342705219,0.0008920464591446281
3,0.0012557916929200334,0.0015795157027605274,0.0006774696720064526,0.003515369336922812,0.0022921296736980496,0.0013432134889261099,0.001990747099910263,0.0016064939505201165,0.001929341424371613,0.0016542978622677098,0.0014359328513365666
4,0.001005895250264659,0.0012155368425446505,0.0005882257570270441,0.0022921296736980496,0.0018447949418523713,0.0010711897462538898,0.0015264239743924756,0.0013282053625366026,0.0015399589848840419,0.0013856440395791654,0.0013197294066540875
5,0.0007808207599220179,0.0008882969024407626,0.0006377515082235416,0.0013432134889261099,0.0010711897462538898,0.0009524949054771441,0.0010518652122143383,0.0010314763868887104,0.0010091958990690454,0.0009704775662364353,0.0011313527250774434
6,0.0009195749713589108,0.00113471551067567,0.0006065050439606854,0.001990747099910263,0.0015264239743924756,0.0010518652122143383,0.0014585714664655308,0.001241247217200385,0.0013291803113049082,0.0012383902127869365,0.0012790242887769897
7,0.0009326603041335547,0.0010662060723250874,0.0006480270834583172,0.0016064939505201165,0.0013282053625366026,0.0010314763868887104,0.001241247217200385,0.0012608023101102765,0.0012051278997188652,0.0010809880731045864,0.001230161307570355
8,0.0009176070801429219,0.001094162792503807,0.0006010966211605601,0.001929341424371613,0.0015399589848840419,0.0010091958990690454,0.0013291803113049082,0.0012051278997188652,0.0013897912504336205,0.001207367220422955,0.0012548991164909394
9,0.0008105022941369221,0.000991927757149007,0.0006167266342705219,0.0016542978622677098,0.0013856440395791654,0.0009704775662364353,0.0012383902127869365,0.0010809880731045864,0.001207367220422955,0.0012871319551916384,0.0012888771019511623
10,0.0008872097049611884,0.0009594254861756102,0.0008920464591446281,0.0014359328513365666,0.0013197294066540875,0.0011313527250774434,0.0012790242887769897,0.001230161307570355,0.0012548991164909394,0.0012888771019511623,0.0017312858094040689
