,0,1,2,3,4,5,6,7,8,9,10
0,0.001271186872687283,0.0012956045686139085,0.0012112359957408341,0.0015919496811455888,0.0017414488740939427,0.0011227164283479903,0.0014311008134467343,0.0016131655175098468,0.001410331604282684,0.0014281916219633017,0.0013735960073257736
1,0.0012956045686139085,0.0015477308319052907,0.001126180011853927,0.0021068907444106674,0.0019804410709351665,0.001169231906996606,0.0016481919773018716,0.0016760745608455474,0.0016014929717846136,0.0016325603917940984,0.001313930096189636
2,0.0012112359957408341,0.001126180011853927,0.0016224517398815614,0.0010506891291103175,0.001629029781266928,0.0012687704818537847,0.0014722231403060118,0.0015528156594193832,0.0014407031970083068,0.0015160278208923264,0.0020280877001710015
3,0.0015919496811455888,0.0021068907444106674,0.0010506891291103175,0.004039945967786245,0.0029203601744353116,0.0014595160919266945,0.0023151255527617946,0.0021705101954672765,0.0022254951827886155,0.0022175120124969753,0.0011792111478520217
4,0.0017414488740939427,0.0019804410709351665,0.001629029781266928,0.0029203601744353116,0.0028305962341073146,0.0016872129077046185,0.002308879219166193,0.0023128023842764246,0.002226834281332009,0.0023031060039927546,0.0019621510377954114
5,0.0011227164283479903,0.001169231906996606,0.0012687704818537847,0.0014595160919266945,0.0016872129077046185,0.0011893574972720253,0.0014604065000886723,0.0015043883503125103,0.0014451359352479938,0.00147590670171114,0.0016381150950790964
6,0.0014311008134467343,0.0016481919773018716,0.0014722231403060118,0.0023151255527617946,0.002308879219166193,0.0014604065000886723,0.002051408092997169,0.0019008329571144197,0.0018853169468693108,0.001955697297094909,0.0018600306710958579
7,0.0016131655175098468,0.0016760745608455474,0.0015528156594193832,0.0021705101954672765,0.0023128023842764246,0.0015043883503125103,0.0019008329571144197,0.002121961085720464,0.0018858883006138245,0.0019205272858715712,0.0018544600597192146
8,0.001410331604282684,0.0016014929717846136,0.0014407031970083068,0.0022254951827886155,0.002226834281332009,0.0014451359352479938,0.0018853169468693108,0.0018858883006138245,0.0019178546060093858,0.0019129354995663498,0.0018614610981950272
9,0.0014281916219633017,0.0016325603917940984,0.0015160278208923264,0.0022175120124969753,0.0023031060039927546,0.00147590670171114,0.001955697297094909,0.0019205272858715712,0.0019129354995663498,0.002106474722841978,0.001949624707636908
10,0.0013735960073257736,0.001313930096189636,0.0020280877001710015,0.0011792111478520217,0.0019621510377954114,0.0016381150950790964,0.0018600306710958579,0.0018544600597192146,0.0018614610981950272,0.001949624707636908,0.00281585459459821
