,0,1,2,3,4,5,6,7,8,9,10
0,0.000666937619983533,0.0007086430339173114,0.0005013094846517435,0.0008617639289931748,0.0007124919626054732,0.0006822656685159645,0.0007604612312988819,0.0008212114494163994,0.0007079923464067789,0.0005622741231529002,0.0007925844939795558
1,0.0007086430339173114,0.0009260068592081534,0.0005117976718664913,0.0010158273947773859,0.0007961621934856834,0.00075260401848663,0.0009191384227444765,0.0009173063038609951,0.0008031317294304352,0.0006407620817752164,0.0008395226482415471
2,0.0005013094846517435,0.0005117976718664913,0.0006177453247518418,0.0005698919373776003,0.0005091548553016504,0.0006259694210891771,0.0005974592108505789,0.0006476806479960985,0.0005691037160242106,0.0005602167279627069,0.0009103660686251303
3,0.0008617639289931748,0.0010158273947773859,0.0005698919373776003,0.002162130063287372,0.0012812746075075846,0.0009579693362010117,0.001337937711241708,0.0011307231477728564,0.0011314136536791006,0.0007669678003127499,0.0009744266510227684
4,0.0007124919626054732,0.0007961621934856834,0.0005091548553016504,0.0012812746075075846,0.0010897199403347862,0.0007837495910031187,0.0010395397977598082,0.0009734720974281355,0.0009444712713479133,0.000723066072250705,0.0009759615166530685
5,0.0006822656685159645,0.00075260401848663,0.0006259694210891771,0.0009579693362010117,0.0007837495910031187,0.0008476931020998541,0.0008770973876677996,0.0009057192228675448,0.0007901659247503356,0.0007214962058868162,0.0010141881203355057
6,0.0007604612312988819,0.0009191384227444765,0.0005974592108505789,0.001337937711241708,0.0010395397977598082,0.0008770973876677996,0.0011688396092754299,0.001033760589130429,0.0009627356123056685,0.0008185841829795202,0.0010887240363130107
7,0.0008212114494163994,0.0009173063038609951,0.0006476806479960985,0.0011307231477728564,0.0009734720974281355,0.0009057192228675448,0.001033760589130429,0.0011127959302304757,0.0009407548911204016,0.0007762333733628831,0.0010961825997112436
8,0.0007079923464067789,0.0008031317294304352,0.0005691037160242106,0.0011314136536791006,0.0009444712713479133,0.0007901659247503356,0.0009627356123056685,0.0009407548911204016,0.0009328575598524486,0.0006902099214554908,0.0010064980309669074
9,0.0005622741231529002,0.0006407620817752164,0.0005602167279627069,0.0007669678003127499,0.000723066072250705,0.0007214962058868162,0.0008185841829795202,0.0007762333733628831,0.0006902099214554908,0.0007080023582872076,0.0009968498246910856
10,0.0007925844939795558,0.0008395226482415471,0.0009103660686251303,0.0009744266510227684,0.0009759615166530685,0.0010141881203355057,0.0010887240363130107,0.0010961825997112436,0.0010064980309669074,0.0009968498246910856,0.0016154007002317562
