,0,1,2,3,4,5,6,7,8,9,10
0,0.00013444517528899105,0.00014341714484875876,2.828676082794762e-05,7.488116023182663e-05,7.91512288743089e-05,8.274176815008129e-05,9.369657451257418e-05,0.00015562451145826808,6.77878578846283e-05,3.679572843652183e-05,-1.9244294712204586e-05
1,0.00014341714484875876,0.0001857476512319804,3.8639858678126874e-05,8.487111790029912e-05,9.555792727222032e-05,0.0001034279026642407,0.00011518926331672153,0.0001852229435598928,8.21385650572321e-05,5.150805329954836e-05,-1.3983274233013254e-05
2,2.828676082794762e-05,3.8639858678126874e-05,4.117579011582223e-05,2.9363511364792195e-05,3.1881637882467755e-05,3.647985867364654e-05,3.1389774764693035e-05,3.8524713547904234e-05,1.8615405533559757e-05,4.061997728807704e-05,2.3422130058364713e-05
3,7.488116023182663e-05,8.487111790029912e-05,2.9363511364792195e-05,0.00010572887962059713,5.922240317004585e-05,6.645996509700249e-05,6.748884979366052e-05,9.661604600964786e-05,4.8560091069391776e-05,2.4802055937505486e-05,-4.999317872933034e-06
4,7.91512288743089e-05,9.555792727222032e-05,3.1881637882467755e-05,5.922240317004585e-05,7.615401223404115e-05,6.262830053540479e-05,7.190103059498142e-05,0.0001043650210556357,4.9032991114323866e-05,3.283321901921298e-05,2.0001919658861446e-06
5,8.274176815008129e-05,0.0001034279026642407,3.647985867364654e-05,6.645996509700249e-05,6.262830053540479e-05,9.005731442144782e-05,7.300025966806822e-05,0.00011601684333425128,5.107386517738726e-05,3.520381460131241e-05,3.975514769169968e-06
6,9.369657451257418e-05,0.00011518926331672153,3.1389774764693035e-05,6.748884979366052e-05,7.190103059498142e-05,7.300025966806822e-05,9.309696090221463e-05,0.00012472483614693275,6.757933315998313e-05,3.352617332807428e-05,-6.757645595965461e-06
7,0.00015562451145826808,0.0001852229435598928,3.8524713547904234e-05,9.661604600964786e-05,0.0001043650210556357,0.00011601684333425128,0.00012472483614693275,0.00021176177265790273,8.722108771939389e-05,4.321472529206207e-05,-1.5906288188474505e-05
8,6.77878578846283e-05,8.21385650572321e-05,1.8615405533559757e-05,4.8560091069391776e-05,4.9032991114323866e-05,5.107386517738726e-05,6.757933315998313e-05,8.722108771939389e-05,6.173100494145299e-05,1.9992913840891672e-05,-8.646252454459078e-06
9,3.679572843652183e-05,5.150805329954836e-05,4.061997728807704e-05,2.4802055937505486e-05,3.283321901921298e-05,3.520381460131241e-05,3.352617332807428e-05,4.321472529206207e-05,1.9992913840891672e-05,6.733736560415875e-05,3.1167518987362934e-05
10,-1.9244294712204586e-05,-1.3983274233013254e-05,2.3422130058364713e-05,-4.999317872933034e-06,2.0001919658861446e-06,3.975514769169968e-06,-6.757645595965461e-06,-1.5906288188474505e-05,-8.646252454459078e-06,3.1167518987362934e-05,4.504631286470015e-05
