,0,1,2,3,4,5,6,7,8,9,10
0,0.0013119837116130958,0.0013364723379917394,0.0012542295889195034,0.0016382670048786009,0.0017902012333285836,0.0011873672558061336,0.0014955562738285938,0.0016609668896965448,0.0014599703703209233,0.0014731283943013598,0.0014390707566653126
1,0.0013364723379917394,0.0015965576540701095,0.0011707207195989695,0.0021735323657683585,0.002044071748614196,0.0012378207913960968,0.0017278639517005598,0.0017292017996414595,0.0016652022343788793,0.0016917742405738025,0.001392476033290085
2,0.0012542295889195034,0.0011707207195989695,0.0016680350225219268,0.0011032793432867146,0.0016831687583389796,0.0013376163513839753,0.0015429684917796303,0.0016041696252480841,0.0014956250640915931,0.0015660344691511077,0.0020995062583712707
3,0.0016382670048786009,0.0021735323657683585,0.0011032793432867146,0.0041444841980299825,0.0030136755744764633,0.0015427336796633234,0.0024270671628935222,0.002238234829095937,0.002317739974624935,0.0023049698404345523,0.0012867998701577273
4,0.0017902012333285836,0.002044071748614196,0.0016831687583389796,0.0030136755744764633,0.002916599948491681,0.0017716458834760294,0.0024142314988274765,0.002379757669843104,0.00231237946740274,0.002383435152467249,0.002064694742371872
5,0.0011873672558061336,0.0012378207913960968,0.0013376163513839753,0.0015427336796633234,0.0017716458834760294,0.0012936648686142501,0.0015698745644717102,0.001582682084477873,0.0015305808262649108,0.0015540043151571028,0.0017481568277992853
6,0.0014955562738285938,0.0017278639517005598,0.0015429684917796303,0.0024270671628935222,0.0024142314988274765,0.0015698745644717102,0.002182164938937663,0.0019863942032047497,0.0019905196919333817,0.002053882409453054,0.001988286323466893
7,0.0016609668896965448,0.0017292017996414595,0.0016041696252480841,0.002238234829095937,0.002379757669843104,0.001582682084477873,0.0019863942032047497,0.0021814541962079234,0.0019533443011130335,0.0019826167751227797,0.0019397885994338249
8,0.0014599703703209233,0.0016652022343788793,0.0014956250640915931,0.002317739974624935,0.00231237946740274,0.0015305808262649108,0.0019905196919333817,0.0019533443011130335,0.0020030434069431583,0.00199278394606131,0.0019640975400146868
9,0.0014731283943013598,0.0016917742405738025,0.0015660344691511077,0.0023049698404345523,0.002383435152467249,0.0015540043151571028,0.002053882409453054,0.0019826167751227797,0.00199278394606131,0.002181530496427727,0.002045067449890558
10,0.0014390707566653126,0.001392476033290085,0.0020995062583712707,0.0012867998701577273,0.002064694742371872,0.0017481568277992853,0.001988286323466893,0.0019397885994338249,0.0019640975400146868,0.002045067449890558,0.0029422187525928274
