,0,1,2,3,4,5,6,7,8,9,10
0,0.0012652013492500148,0.0012552341574608606,0.001148759271425334,0.0014869563052623126,0.001635415815098872,0.0010703631326238888,0.0013141954542023686,0.0015626533975623246,0.001324194665201553,0.0013214131077459057,0.0012317989969267413
1,0.0012552341574608606,0.0014554866795667024,0.0009875710795650748,0.0019107797800481364,0.0017752855570161092,0.001034642329645967,0.0014129296524550798,0.0015584794979855983,0.0014294265707412584,0.0014283197141996338,0.001032547687209659
2,0.001148759271425334,0.0009875710795650748,0.0014302581838379499,0.0007621531650088514,0.0013342103477791086,0.0010738355533665247,0.0011340983061798391,0.0013825247767380176,0.0011895233985396655,0.0012239993938299367,0.0016322234250445208
3,0.0014869563052623126,0.0019107797800481364,0.0007621531650088514,0.0036550928294116635,0.002513046388051108,0.0011643026034508222,0.0018404846864960218,0.001920255040405439,0.001878594726971242,0.0018142713166877425,0.0006164136922883922
4,0.001635415815098872,0.0017752855570161092,0.0013342103477791086,0.002513046388051108,0.0024044753181651154,0.001384525566866984,0.0018141803818719194,0.0020544762958279996,0.0018631505694839128,0.0018814697562341404,0.0013789164196852896
5,0.0010703631326238888,0.001034642329645967,0.0010738355533665247,0.0011643026034508222,0.001384525566866984,0.001001036807682624,0.001116290021172546,0.001336798429360738,0.0011910040456477784,0.0011745638405420648,0.0012297707450757813
6,0.0013141954542023686,0.0014129296524550798,0.0011340983061798391,0.0018404846864960218,0.0018141803818719194,0.001116290021172546,0.0014790917709422105,0.0016052652444074698,0.0014641628520561363,0.0014657353512596526,0.0011847683408037198
7,0.0015626533975623246,0.0015584794979855983,0.0013825247767380176,0.001920255040405439,0.0020544762958279996,0.001336798429360738,0.0016052652444074698,0.0019748483352287787,0.0016680118166225257,0.0016637879730623112,0.0015042088462168292
8,0.001324194665201553,0.0014294265707412584,0.0011895233985396655,0.001878594726971242,0.0018631505694839128,0.0011910040456477784,0.0014641628520561363,0.0016680118166225257,0.0016089858069470078,0.0015524665926659686,0.0013625419379524743
9,0.0013214131077459057,0.0014283197141996338,0.0012239993938299367,0.0018142713166877425,0.0018814697562341404,0.0011745638405420648,0.0014657353512596526,0.0016637879730623112,0.0015524665926659686,0.0016895234946534335,0.0013728948080473403
10,0.0012317989969267413,0.001032547687209659,0.0016322234250445208,0.0006164136922883922,0.0013789164196852896,0.0012297707450757813,0.0011847683408037198,0.0015042088462168292,0.0013625419379524743,0.0013728948080473403,0.00202390711823165
