,0,1,2,3,4,5,6,7,8,9,10
0,0.0012873221030482243,0.0013169257662467267,0.0012274049702955259,0.0016253558321818141,0.0017718008469404997,0.001148783303161371,0.001465335658691191,0.0016365859759479525,0.0014387066669600548,0.001453355331831381,0.0014051660832620674
1,0.0013169257662467267,0.0015810663671684342,0.0011494593986425554,0.002163302675174209,0.002029490378561028,0.0012072392823995871,0.0017039130628891256,0.001709878708412833,0.0016483507496903639,0.0016761038338422554,0.0013656042798667301
2,0.0012274049702955259,0.0011494593986425554,0.0016388577981475444,0.0010892346202905701,0.0016631536870736984,0.0012956483607199018,0.0015100967578529276,0.001577650000884972,0.0014724957560809944,0.0015445266669005695,0.0020626276368272385
3,0.0016253558321818141,0.002163302675174209,0.0010892346202905701,0.0041377359566599934,0.0030040505011760866,0.0015225330388252503,0.0024112509692778843,0.0022254737389651854,0.0023066137560857417,0.002294622804347768,0.0012690521051604076
4,0.0017718008469404997,0.002029490378561028,0.0016631536870736984,0.0030040505011760866,0.0029028770760694167,0.0017428573541370179,0.0023916873163197573,0.0023615689913857665,0.002296518701559122,0.0023686856894406458,0.0020393997602966446
5,0.001148783303161371,0.0012072392823995871,0.0012956483607199018,0.0015225330388252503,0.0017428573541370179,0.0012332989584150317,0.0015225930389774725,0.0015445371047312644,0.0014973126606476325,0.0015230683811531228,0.0016951116310051535
6,0.001465335658691191,0.0017039130628891256,0.0015100967578529276,0.0024112509692778843,0.0023916873163197573,0.0015225930389774725,0.002145134768734222,0.001956519038419719,0.001964465770984202,0.0020296545594677587,0.0019467403179148181
7,0.0016365859759479525,0.001709878708412833,0.001577650000884972,0.0022254737389651854,0.0023615689913857665,0.0015445371047312644,0.001956519038419719,0.0021573516578902536,0.0019323243070976117,0.0019630701151158,0.0019062705121333315
8,0.0014387066669600548,0.0016483507496903639,0.0014724957560809944,0.0023066137560857417,0.002296518701559122,0.0014973126606476325,0.001964465770984202,0.0019323243070976117,0.0019847127000047707,0.0019757378406030633,0.0019348656195786664
9,0.001453355331831381,0.0016761038338422554,0.0015445266669005695,0.002294622804347768,0.0023686856894406458,0.0015230683811531228,0.0020296545594677587,0.0019630701151158,0.0019757378406030633,0.0021656790250110386,0.0020178845884172487
10,0.0014051660832620674,0.0013656042798667301,0.0020626276368272385,0.0012690521051604076,0.0020393997602966446,0.0016951116310051535,0.0019467403179148181,0.0019062705121333315,0.0019348656195786664,0.0020178845884172487,0.0028956072942084936
