,0,1,2,3,4,5,6,7,8,9,10
0,0.0006948891208329447,0.0007326009985859706,0.00048684851528222234,0.001002382144303385,0.0007956874016709521,0.000674240517955413,0.0007319134037824855,0.0007843858640935486,0.000775148627091592,0.0007051126531543305,0.0007654431411962436
1,0.0007326009985859706,0.0009338988375823422,0.0004812481340104651,0.0011745352928028733,0.0008794028801169449,0.0007197156415348595,0.0008390010718892474,0.0008328779716927043,0.0008705044568082246,0.0008262686298408476,0.0007710339497100076
2,0.00048684851528222234,0.0004812481340104651,0.0005991577781289488,0.0005519665903767593,0.00048324615418722316,0.0005927726965502362,0.0005322922346297943,0.0005908227783302829,0.0005484482835645814,0.0005768912919356614,0.0008594671758003941
3,0.001002382144303385,0.0011745352928028733,0.0005519665903767593,0.0027542513802909867,0.0016637814273233618,0.0009961428220888755,0.0013624306464084571,0.0011051043609041254,0.0014396340560445871,0.0012950775980443076,0.0009744583414740023
4,0.0007956874016709521,0.0008794028801169449,0.00048324615418722316,0.0016637814273233618,0.0013260842210982525,0.0007844097949753311,0.0010071056610026525,0.0009137535308586025,0.0011350973395507242,0.0010886866109648138,0.0009378580718751676
5,0.000674240517955413,0.0007197156415348595,0.0005927726965502362,0.0009961428220888755,0.0007844097949753311,0.0007964886158889374,0.0007707704282649329,0.0008075376177432893,0.0007910689933219904,0.0008102485170951383,0.0009289414306711245
6,0.0007319134037824855,0.0008390010718892474,0.0005322922346297943,0.0013624306464084571,0.0010071056610026525,0.0007707704282649329,0.000952884586253072,0.0008386066152152276,0.0009373466304211594,0.0009504266226748789,0.0009173144703801313
7,0.0007843858640935486,0.0008328779716927043,0.0005908227783302829,0.0011051043609041254,0.0009137535308586025,0.0008075376177432893,0.0008386066152152276,0.0009402725167589713,0.000893301709958264,0.0008517849524632293,0.0009428413732814709
8,0.000775148627091592,0.0008705044568082246,0.0005484482835645814,0.0014396340560445871,0.0011350973395507242,0.0007910689933219904,0.0009373466304211594,0.000893301709958264,0.0010865934108280025,0.00098444524276098,0.0009763841050759049
9,0.0007051126531543305,0.0008262686298408476,0.0005768912919356614,0.0012950775980443076,0.0010886866109648138,0.0008102485170951383,0.0009504266226748789,0.0008517849524632293,0.00098444524276098,0.0011232547926293673,0.001083779029351288
10,0.0007654431411962436,0.0007710339497100076,0.0008594671758003941,0.0009744583414740023,0.0009378580718751676,0.0009289414306711245,0.0009173144703801313,0.0009428413732814709,0.0009763841050759049,0.001083779029351288,0.0014799813491537456
