,0,1,2,3,4,5,6,7,8,9,10
0,0.0007808071202265543,0.0008725632478502786,0.000512410991795465,0.0013026292844427925,0.0010224255055800398,0.0007910178985401098,0.0009543064058504359,0.000941418044005708,0.0009559418376739209,0.0008125119283013731,0.0008921386303443822
1,0.0008725632478502786,0.0011618020122678469,0.0005248198024063407,0.0016583330647478548,0.001246097646737281,0.0009093348503133485,0.0011993620025198728,0.0010888566498631885,0.0011629752881341607,0.0010017799225824845,0.000979298120503081
2,0.000512410991795465,0.0005248198024063407,0.0005688788091147834,0.0007455595358199938,0.0006030496274505865,0.00063956249665127,0.0006361892949874821,0.0006342077059974446,0.0006423860977708135,0.0005979383161828086,0.0008603635943315037
3,0.0013026292844427925,0.0016583330647478548,0.0007455595358199938,0.0035165428718744664,0.002312077778432428,0.00137107829500054,0.002035761439656147,0.0016630454732121294,0.0019609375819472632,0.0017004091642262248,0.0015184793457869413
4,0.0010224255055800398,0.001246097646737281,0.0006030496274505865,0.002312077778432428,0.00185212498346103,0.0010759423271527713,0.0015418710170878856,0.0013327710493644853,0.0015567402627841179,0.0013871833241977296,0.0013230515007457869
5,0.0007910178985401098,0.0009093348503133485,0.00063956249665127,0.00137107829500054,0.0010759423271527713,0.0009513789897549861,0.0010610438793723362,0.0010220320365336764,0.0010240324356078228,0.0009596905977799544,0.001112843090311701
6,0.0009543064058504359,0.0011993620025198728,0.0006361892949874821,0.002035761439656147,0.0015418710170878856,0.0010610438793723362,0.0014909571572802912,0.0012483959250226425,0.00136533315371851,0.001239284717731343,0.001281905881993214
7,0.000941418044005708,0.0010888566498631885,0.0006342077059974446,0.0016630454732121294,0.0013327710493644853,0.0010220320365336764,0.0012483959250226425,0.001226986278931239,0.0012272720121697823,0.0010471181406452568,0.0011711625623507687
8,0.0009559418376739209,0.0011629752881341607,0.0006423860977708135,0.0019609375819472632,0.0015567402627841179,0.0010240324356078228,0.00136533315371851,0.0012272720121697823,0.001424481400981857,0.001221998745410904,0.001281980360841567
9,0.0008125119283013731,0.0010017799225824845,0.0005979383161828086,0.0017004091642262248,0.0013871833241977296,0.0009596905977799544,0.001239284717731343,0.0010471181406452568,0.001221998745410904,0.0012543661851492731,0.0012315570929243413
10,0.0008921386303443822,0.000979298120503081,0.0008603635943315037,0.0015184793457869413,0.0013230515007457869,0.001112843090311701,0.001281905881993214,0.0011711625623507687,0.001281980360841567,0.0012315570929243413,0.001631064433492659
