,0,1,2,3,4,5,6,7,8,9,10
0,0.0012884934787010319,0.001316086476861488,0.001223036250380561,0.0016300165839701665,0.0017708178091060253,0.001150521566968612,0.0014684334283679575,0.0016368404186841048,0.0014376747940144734,0.001449328741114632,0.0013999308526750443
1,0.001316086476861488,0.0015788668134720065,0.0011436490733769313,0.0021663757375268056,0.002027252159017772,0.0012058442823678524,0.0017043271687614942,0.001708264617067464,0.0016458547388889595,0.0016711209048551813,0.0013585089563286298
2,0.001223036250380561,0.0011436490733769313,0.0016266130374927472,0.0010923207604209865,0.0016574272962063543,0.0012886880755498041,0.001506950076691706,0.0015721307756731073,0.0014660169376113918,0.0015344294433188087,0.0020475310861535895
3,0.0016300165839701665,0.0021663757375268056,0.0010923207604209865,0.0041415995156547395,0.0030068759317440235,0.001529791717727908,0.0024175470130603635,0.0022297641082063458,0.0023099151823486744,0.0022966147414007405,0.001273053835941372
4,0.0017708178091060253,0.002027252159017772,0.0016574272962063543,0.0030068759317440235,0.0029006106663298933,0.0017412414753975366,0.0023918544737109794,0.0023598512600429967,0.0022939856854618315,0.0023637989550486394,0.002032398314905256
5,0.001150521566968612,0.0012058442823678524,0.0012886880755498041,0.001529791717727908,0.0017412414753975366,0.0012358704728472763,0.0015273305834147444,0.0015448382445324945,0.00149560868185362,0.0015166730596637846,0.0016867637361581192
6,0.0014684334283679575,0.0017043271687614942,0.001506950076691706,0.0024175470130603635,0.0023918544737109794,0.0015273305834147444,0.0021508506049837946,0.0019585382146770193,0.001964779079964565,0.002026404170599895,0.0019430941487961434
7,0.0016368404186841048,0.001708264617067464,0.0015721307756731073,0.0022297641082063458,0.0023598512600429967,0.0015448382445324945,0.0019585382146770193,0.002156675019209047,0.001930446302030665,0.001958173469526689,0.001899588820611096
8,0.0014376747940144734,0.0016458547388889595,0.0014660169376113918,0.0023099151823486744,0.0022939856854618315,0.00149560868185362,0.001964779079964565,0.001930446302030665,0.001981884508723248,0.001970196528013002,0.0019269486509082526
9,0.001449328741114632,0.0016711209048551813,0.0015344294433188087,0.0022966147414007405,0.0023637989550486394,0.0015166730596637846,0.002026404170599895,0.001958173469526689,0.001970196528013002,0.0021574185684104697,0.0020054122843408792
10,0.0013999308526750443,0.0013585089563286298,0.0020475310861535895,0.001273053835941372,0.002032398314905256,0.0016867637361581192,0.0019430941487961434,0.001899588820611096,0.0019269486509082526,0.0020054122843408792,0.0028770031223428988
