,0,1,2,3,4,5,6,7,8,9,10
0,0.0012732837537496769,0.0012971243691708774,0.001223574248631367,0.0015968601348403735,0.001735931843012949,0.0011446062062991733,0.0014474041228895228,0.0016124319524683521,0.0014186394648880696,0.0014375940326808972,0.0014027026222885022
1,0.0012971243691708774,0.0015555770067668406,0.0011415804337837968,0.0021288175100925293,0.0019857470490364307,0.0011976675363502137,0.001679197016087757,0.001678725007017049,0.0016230519664997911,0.0016547438170667185,0.0013593345403223244
2,0.001223574248631367,0.0011415804337837968,0.001639529807896299,0.0010759267234969516,0.0016467329679783769,0.0012968257841929776,0.001504221508048153,0.0015680751342178009,0.0014631530674079623,0.0015397644597562694,0.002062715730558745
3,0.0015968601348403735,0.0021288175100925293,0.0010759267234969516,0.00409316118216251,0.0029471612902290806,0.0015059075526238296,0.0023763305887163797,0.002183273141477912,0.00227317710702871,0.0022645310213465462,0.0012581886763699582
4,0.001735931843012949,0.0019857470490364307,0.0016467329679783769,0.0029471612902290806,0.0028303309453380446,0.001722418698140324,0.0023476474415184473,0.0023080483210496704,0.0022540080642286403,0.0023306928702124655,0.002026084969534158
5,0.0011446062062991733,0.0011976675363502137,0.0012968257841929776,0.0015059075526238296,0.001722418698140324,0.0012350807211183382,0.0015156797700311662,0.0015329070751507958,0.001485351357326445,0.0015178182833911983,0.0016948933734138713
6,0.0014474041228895228,0.001679197016087757,0.001504221508048153,0.0023763305887163797,0.0023476474415184473,0.0015156797700311662,0.002122167840289357,0.0019263423847395505,0.001939134557506734,0.0020099397967982074,0.0019418949156823249
7,0.0016124319524683521,0.001678725007017049,0.0015680751342178009,0.002183273141477912,0.0023080483210496704,0.0015329070751507958,0.0019263423847395505,0.0021192756871021173,0.0019013617585127228,0.0019370069356416833,0.0018986242042668088
8,0.0014186394648880696,0.0016230519664997911,0.0014631530674079623,0.00227317710702871,0.0022540080642286403,0.001485351357326445,0.001939134557506734,0.0019013617585127228,0.001958887968792934,0.0019547168777015386,0.001925764257033259
9,0.0014375940326808972,0.0016547438170667185,0.0015397644597562694,0.0022645310213465462,0.0023306928702124655,0.0015178182833911983,0.0020099397967982074,0.0019370069356416833,0.0019547168777015386,0.0021480694072995277,0.0020152257160020145
10,0.0014027026222885022,0.0013593345403223244,0.002062715730558745,0.0012581886763699582,0.002026084969534158,0.0016948933734138713,0.0019418949156823249,0.0018986242042668088,0.001925764257033259,0.0020152257160020145,0.002892952563211402
