,0,1,2,3,4,5,6,7,8,9,10
0,0.00013491018989627375,0.00013193422328648858,7.11457093751615e-05,0.00012084526129463229,9.386130801883123e-05,0.00010098195442415813,0.00010526495624540068,0.00013287296833352165,8.49027377471603e-05,5.171221578259202e-05,4.339918271502357e-05
1,0.00013193422328648858,0.00015441195323757175,7.508457845978676e-05,0.00012722901736915898,0.00010290249273480937,0.00010624267693991023,0.00011521399596292998,0.00014261239981089297,9.09207498201606e-05,5.5421665562114424e-05,4.548587112897917e-05
2,7.11457093751615e-05,7.508457845978676e-05,6.264538120278985e-05,5.791675733460114e-05,5.332953915768248e-05,6.248995233204987e-05,5.8624256698443704e-05,7.475119223994632e-05,5.0920700919250185e-05,3.499060007361702e-05,3.7549799436626526e-05
3,0.00012084526129463229,0.00012722901736915898,5.791675733460114e-05,0.000172172742046316,0.00011598480029662447,0.00010379545598828303,0.00012509724017278608,0.00013135514283558927,0.00010532323336020314,4.254140062184784e-05,3.159792760142747e-05
4,9.386130801883123e-05,0.00010290249273480937,5.332953915768248e-05,0.00011598480029662447,0.00011312514159587745,8.434172497646956e-05,0.00010511296077085773,0.00010891611694375099,8.624747638070676e-05,2.9460091809332607e-05,2.8006819771622264e-05
5,0.00010098195442415813,0.00010624267693991023,6.248995233204987e-05,0.00010379545598828303,8.434172497646956e-05,9.908911493263565e-05,9.184975519314926e-05,0.00010622809382275737,7.518401749889532e-05,4.354212542337124e-05,4.620150858242113e-05
6,0.00010526495624540068,0.00011521399596292998,5.8624256698443704e-05,0.00012509724017278608,0.00010511296077085773,9.184975519314926e-05,0.0001243110804257213,0.00012019484021883694,9.565414626612602e-05,3.895677683919221e-05,3.56727890309026e-05
7,0.00013287296833352165,0.00014261239981089297,7.475119223994632e-05,0.00013135514283558927,0.00010891611694375099,0.00010622809382275737,0.00012019484021883694,0.00015169036298169194,9.432638016823075e-05,5.044287980131939e-05,5.3550615805594655e-05
8,8.49027377471603e-05,9.09207498201606e-05,5.0920700919250185e-05,0.00010532323336020314,8.624747638070676e-05,7.518401749889532e-05,9.565414626612602e-05,9.432638016823075e-05,9.064040688655471e-05,3.2400097059102646e-05,2.5876534582196348e-05
9,5.171221578259202e-05,5.5421665562114424e-05,3.499060007361702e-05,4.254140062184784e-05,2.9460091809332607e-05,4.354212542337124e-05,3.895677683919221e-05,5.044287980131939e-05,3.2400097059102646e-05,4.8314988686354966e-05,3.4068846249181976e-05
10,4.339918271502357e-05,4.548587112897917e-05,3.7549799436626526e-05,3.159792760142747e-05,2.8006819771622264e-05,4.620150858242113e-05,3.56727890309026e-05,5.3550615805594655e-05,2.5876534582196348e-05,3.4068846249181976e-05,4.421782244993414e-05
