,0,1,2,3,4,5,6,7,8,9,10
0,0.000490871608034766,0.0005115143424386252,0.0003425239726765511,0.0006804859364966621,0.0005057360424289725,0.00045645142744912663,0.00046388040142534605,0.0005133668121861213,0.0005367411048023537,0.0004968898253823065,0.0005064156422839372
1,0.0005115143424386252,0.0007137034222102303,0.0003198729365071586,0.0008681770400471746,0.0005958354995723221,0.0004911736150737484,0.000585109605831699,0.0005582787032137759,0.0006357133093897878,0.0006118673557199468,0.0005075058951440404
2,0.0003425239726765511,0.0003198729365071586,0.000498337727920687,0.00031335411163068333,0.0002702669726070252,0.00043678932507491873,0.0003332981397372892,0.0003942001929935002,0.0003737488275881579,0.0004267066475649794,0.000671821228509155
3,0.0006804859364966621,0.0008681770400471746,0.00031335411163068333,0.002339394722939877,0.0012734213011077133,0.0006688771479794539,0.0010196286966303765,0.0007193197336755544,0.0011150907158860499,0.0009911724766120062,0.000603380258885723
4,0.0005057360424289725,0.0005958354995723221,0.0002702669726070252,0.0012734213011077133,0.0009624327901758216,0.00048668970520808746,0.00068396706111875,0.0005587573871660904,0.0008335107102874297,0.000810527044053735,0.0005968642199449134
5,0.00045645142744912663,0.0004911736150737484,0.00043678932507491873,0.0006688771479794539,0.00048668970520808746,0.000566875157358435,0.0004987300477947723,0.0005255794679972474,0.0005456448364712226,0.0005923008500071311,0.0006590433143903564
6,0.00046388040142534605,0.000585109605831699,0.0003332981397372892,0.0010196286966303765,0.00068396706111875,0.0004987300477947723,0.0006697139310270185,0.0005185610255126689,0.000668572129015262,0.0006980721342749481,0.0006093951543416783
7,0.0005133668121861213,0.0005582787032137759,0.0003942001929935002,0.0007193197336755544,0.0005587573871660904,0.0005255794679972474,0.0005185610255126689,0.0005990531130938196,0.0005998042360024197,0.0005862516540148674,0.0006156572187914943
8,0.0005367411048023537,0.0006357133093897878,0.0003737488275881579,0.0011150907158860499,0.0008335107102874297,0.0005456448364712226,0.000668572129015262,0.0005998042360024197,0.0008366347209346107,0.0007547865629408661,0.0006945617661853519
9,0.0004968898253823065,0.0006118673557199468,0.0004267066475649794,0.0009911724766120062,0.000810527044053735,0.0005923008500071311,0.0006980721342749481,0.0005862516540148674,0.0007547865629408661,0.0009172590256398145,0.0008293690401196057
10,0.0005064156422839372,0.0005075058951440404,0.000671821228509155,0.000603380258885723,0.0005968642199449134,0.0006590433143903564,0.0006093951543416783,0.0006156572187914943,0.0006945617661853519,0.0008293690401196057,0.0011663184653096263
