,0,1,2,3,4,5,6,7,8,9,10
0,0.0007956826763458168,0.0008843055393729349,0.0005484871530149812,0.0012645135544617667,0.0010180250397856146,0.0008007183498827287,0.0009495251574004934,0.0009645262184736351,0.0009499262484563759,0.0008375729829979014,0.0009414799673355972
1,0.0008843055393729349,0.0011151396599373752,0.0005913611022193589,0.0015086308252495757,0.0011903964502181722,0.0009026345141378158,0.0010992889236155835,0.0010763672490492246,0.0010991461422237899,0.001019389457299774,0.0010386549552611792
2,0.0005484871530149812,0.0005913611022193589,0.0006304663246163667,0.0007345249530159995,0.0006279209856464839,0.000672859008119435,0.0006901297863706322,0.0007111629870686847,0.0006680042683416327,0.0006601950608351151,0.0009661372331244971
3,0.0012645135544617667,0.0015086308252495757,0.0007345249530159995,0.0033583983774285566,0.0022116590435596454,0.001315517650246865,0.0018420673998960023,0.0015381154545548537,0.0018500013997630972,0.0016315481722707715,0.001435697073272798
4,0.0010180250397856146,0.0011903964502181722,0.0006279209856464839,0.0022116590435596454,0.0018046575912270245,0.0010596659372928761,0.0014533633347085294,0.0012972398993515834,0.0015033514342859757,0.0013777408185782509,0.001327512340196198
5,0.0008007183498827287,0.0009026345141378158,0.000672859008119435,0.001315517650246865,0.0010596659372928761,0.0009540191363048138,0.0010332060838850656,0.0010292125830636996,0.0010049436433980767,0.0009754753078229164,0.0011502577311310964
6,0.0009495251574004934,0.0010992889236155835,0.0006901297863706322,0.0018420673998960023,0.0014533633347085294,0.0010332060838850656,0.0013266927883868887,0.0011880592356761518,0.0012655455151762264,0.0012274885848102511,0.0013011845214332765
7,0.0009645262184736351,0.0010763672490492246,0.0007111629870686847,0.0015381154545548537,0.0012972398993515834,0.0010292125830636996,0.0011880592356761518,0.0012459991990954246,0.0011854666327833282,0.0010848549672340866,0.0012590239299139353
8,0.0009499262484563759,0.0010991461422237899,0.0006680042683416327,0.0018500013997630972,0.0015033514342859757,0.0010049436433980767,0.0012655455151762264,0.0011854666327833282,0.0013645068285668641,0.0012095689873465006,0.0012835844773957299
9,0.0008375729829979014,0.001019389457299774,0.0006601950608351151,0.0016315481722707715,0.0013777408185782509,0.0009754753078229164,0.0012274885848102511,0.0010848549672340866,0.0012095689873465006,0.001296502476629541,0.0013154759643492497
10,0.0009414799673355972,0.0010386549552611792,0.0009661372331244971,0.001435697073272798,0.001327512340196198,0.0011502577311310964,0.0013011845214332765,0.0012590239299139353,0.0012835844773957299,0.0013154759643492497,0.0017872800772527273
