,0,1,2,3,4,5,6,7,8,9,10
0,0.0001376233758768173,0.00013804511074987558,7.264548600463566e-05,0.00012722911380952937,9.831558930378162e-05,0.000108315172092204,0.00011221899740091634,0.00014517928338065087,8.922830277577864e-05,5.350668026426941e-05,4.085099148361935e-05
1,0.00013804511074987558,0.00016901525918474426,7.743131163245977e-05,0.0001390875237168894,0.00011254186783315102,0.00012357788072078513,0.00013109399866043892,0.0001723121766975734,0.00010188008071510307,5.804263044705062e-05,3.8539396191936116e-05
2,7.264548600463566e-05,7.743131163245977e-05,6.473098354159654e-05,6.440914238671228e-05,5.6260439318419344e-05,6.552446165899718e-05,6.216026220233035e-05,7.907921053510808e-05,5.18327119326e-05,3.765949770483388e-05,3.764463157095644e-05
3,0.00012722911380952937,0.0001390875237168894,6.440914238671228e-05,0.00019298994533131,0.00012745736644754433,0.00011840609845770034,0.00014025322387862502,0.00015381637761218884,0.00011205492018711055,5.011385401942788e-05,2.9509151024573308e-05
4,9.831558930378162e-05,0.00011254186783315102,5.6260439318419344e-05,0.00012745736644754433,0.00012060186495594411,9.597785524299777e-05,0.0001163690680672,0.00012813407795460917,9.280117188693761e-05,3.2974144520166545e-05,2.441847867640752e-05
5,0.000108315172092204,0.00012357788072078513,6.552446165899718e-05,0.00011840609845770034,9.597785524299777e-05,0.0001196875311734781,0.00011079837866210047,0.000141364111675414,8.808324209239034e-05,4.691038842240667e-05,3.816766964522048e-05
6,0.00011221899740091634,0.00013109399866043892,6.216026220233035e-05,0.00014025322387862502,0.0001163690680672,0.00011079837866210047,0.00014201719069020547,0.00015207845668405512,0.0001071203669404557,4.290177922043711e-05,2.8918387227954708e-05
7,0.00014517928338065087,0.0001723121766975734,7.907921053510808e-05,0.00015381637761218884,0.00012813407795460917,0.000141364111675414,0.00015207845668405512,0.00021201884169928713,0.00011688211000927511,5.494595522783757e-05,3.923122864718461e-05
8,8.922830277577864e-05,0.00010188008071510307,5.18327119326e-05,0.00011205492018711055,9.280117188693761e-05,8.808324209239034e-05,0.0001071203669404557,0.00011688211000927511,9.927596095022831e-05,3.3308557196946826e-05,2.003160976561936e-05
9,5.350668026426941e-05,5.804263044705062e-05,3.765949770483388e-05,5.011385401942788e-05,3.2974144520166545e-05,4.691038842240667e-05,4.290177922043711e-05,5.494595522783757e-05,3.3308557196946826e-05,5.143318139935541e-05,3.457300580731125e-05
10,4.085099148361935e-05,3.8539396191936116e-05,3.764463157095644e-05,2.9509151024573308e-05,2.441847867640752e-05,3.816766964522048e-05,2.8918387227954708e-05,3.923122864718461e-05,2.003160976561936e-05,3.457300580731125e-05,4.8300442831874944e-05
