,0,1,2,3,4,5,6,7,8,9,10
0,0.0007498566884012398,0.0008196421712942463,0.00048587619852156534,0.0012867629836222098,0.0010143096954828264,0.0007754559862592359,0.0009299052019740204,0.0009294717681565669,0.000925064601632138,0.0007990534009136847,0.0008960625668414384
1,0.0008196421712942463,0.00107161158050577,0.0004775278727413756,0.001633859681357514,0.0012319481078302628,0.0008820985421860824,0.0011572842579320789,0.0010655391963524784,0.0011112780199052472,0.0009764323202088713,0.0009802256805890495
2,0.00048587619852156534,0.0004775278727413756,0.000558534166769425,0.0007148071788752816,0.0005978519120424243,0.0006302729270610855,0.0006175614936304764,0.0006426333754004634,0.0006088197222207888,0.0006014798211823791,0.0009010628142146473
3,0.0012867629836222098,0.001633859681357514,0.0007148071788752816,0.003532119310962272,0.0023054837413748835,0.001357498442680501,0.0020200835511252077,0.001631112724838151,0.0019549169930235147,0.0016726612622236404,0.0014688736917605025
4,0.0010143096954828264,0.0012319481078302628,0.0005978519120424243,0.0023054837413748835,0.0018502466397023426,0.0010724366996578535,0.0015357978020097045,0.001332287480511937,0.0015476369418325473,0.0013857941148554796,0.0013293783799932575
5,0.0007754559862592359,0.0008820985421860824,0.0006302729270610855,0.001357498442680501,0.0010724366996578535,0.0009448781540940921,0.0010495236930581286,0.0010221235512128557,0.0010061898299337576,0.000957849773999907,0.0011270122546573932
6,0.0009299052019740204,0.0011572842579320789,0.0006175614936304764,0.0020200835511252077,0.0015357978020097045,0.0010495236930581286,0.0014721428852021623,0.0012424269681425685,0.001339678749053341,0.0012314605706003926,0.0012918983675528277
7,0.0009294717681565669,0.0010655391963524784,0.0006426333754004634,0.001631112724838151,0.001332287480511937,0.0010221235512128557,0.0012424269681425685,0.0012504682355562145,0.0012046776737164187,0.0010646172981417816,0.001228862985220224
8,0.000925064601632138,0.0011112780199052472,0.0006088197222207888,0.0019549169930235147,0.0015476369418325473,0.0010061898299337576,0.001339678749053341,0.0012046776737164187,0.0013977345589787945,0.001199947577373045,0.0012645424349759361
9,0.0007990534009136847,0.0009764323202088713,0.0006014798211823791,0.0016726612622236404,0.0013857941148554796,0.000957849773999907,0.0012314605706003926,0.0010646172981417816,0.001199947577373045,0.0012668462891862625,0.0012786510670243566
10,0.0008960625668414384,0.0009802256805890495,0.0009010628142146473,0.0014688736917605025,0.0013293783799932575,0.0011270122546573932,0.0012918983675528277,0.001228862985220224,0.0012645424349759361,0.0012786510670243566,0.0017429384206054856
