,0,1,2,3,4,5,6,7,8,9,10
0,0.0006869180832254345,0.0007418022995368514,0.0005133670815345121,0.0009340376699272458,0.0007748421381680539,0.0006973354939906651,0.0008018056409764689,0.0008586953149786029,0.0007298052635649811,0.0006161830803714269,0.00079082690045961
1,0.0007418022995368514,0.0009800404599313568,0.0005305290979586174,0.0011338884692690286,0.0008962093018204446,0.000778516829595103,0.0009855088544506244,0.0009761294370149253,0.0008434412144315369,0.0007274897135731438,0.0008426721079583305
2,0.0005133670815345121,0.0005305290979586174,0.0006233805053403436,0.0006110906063548699,0.0005423827229398064,0.0006362223780304544,0.0006195300540623952,0.0006659586123534555,0.0005875392214721718,0.0005892351438547675,0.0009170886608643144
3,0.0009340376699272458,0.0011338884692690286,0.0006110906063548699,0.002420002627020079,0.001500333046699976,0.0010141862636759182,0.001483250513081383,0.0012599173328809799,0.001218077753260302,0.0009567948172431045,0.0009795281542874664
4,0.0007748421381680539,0.0008962093018204446,0.0005423827229398064,0.001500333046699976,0.0012724988075099618,0.0008338814477648547,0.0011608408299229984,0.0010788047173976368,0.0010266692492089157,0.0008818743287104993,0.0009913364678780074
5,0.0006973354939906651,0.000778516829595103,0.0006362223780304544,0.0010141862636759182,0.0008338814477648547,0.0008582410282842936,0.0009103133940949604,0.0009370565651172868,0.0008028954759164126,0.0007646369103790451,0.001007367116679423
6,0.0008018056409764689,0.0009855088544506244,0.0006195300540623952,0.001483250513081383,0.0011608408299229984,0.0009103133940949604,0.0012493400218981183,0.001103705723545414,0.0010171208340196373,0.0009239701210370161,0.0010987416146841986
7,0.0008586953149786029,0.0009761294370149253,0.0006659586123534555,0.0012599173328809799,0.0010788047173976368,0.0009370565651172868,0.001103705723545414,0.0011716272805562767,0.000995625634116731,0.0008680704777810586,0.001113478635117415
8,0.0007298052635649811,0.0008434412144315369,0.0005875392214721718,0.001218077753260302,0.0010266692492089157,0.0008028954759164126,0.0010171208340196373,0.000995625634116731,0.0009397354203914564,0.0007603510186396408,0.0009795770195364065
9,0.0006161830803714269,0.0007274897135731438,0.0005892351438547675,0.0009567948172431045,0.0008818743287104993,0.0007646369103790451,0.0009239701210370161,0.0008680704777810586,0.0007603510186396408,0.0008459294410457832,0.0010087723669292773
10,0.00079082690045961,0.0008426721079583305,0.0009170886608643144,0.0009795281542874664,0.0009913364678780074,0.001007367116679423,0.0010987416146841986,0.001113478635117415,0.0009795770195364065,0.0010087723669292773,0.001578644162469196
