,0,1,2,3,4,5,6,7,8,9,10
0,0.0013061919894001416,0.0013291938101097655,0.001252618440941326,0.001629136532443911,0.0017847583273232364,0.0011824334241882586,0.001493067780251251,0.0016513794231596802,0.0014562179966585377,0.0014777222833709683,0.0014431244971501779
1,0.0013291938101097655,0.0015863088177757608,0.0011687030561139148,0.0021595829765930605,0.0020360796845763436,0.0012306773194499347,0.0017231445186903114,0.001716294168954679,0.0016594647200302904,0.0016971310340458884,0.0013975779735190522
2,0.001252618440941326,0.0011687030561139148,0.001667587682857752,0.0011007562030707137,0.0016816637332529843,0.0013362505315355324,0.0015422887184301137,0.0016015077312996537,0.0014945895330217992,0.0015673187251328032,0.002100637704849603
3,0.001629136532443911,0.0021595829765930605,0.0011007562030707137,0.00412453152636188,0.0030025091287666735,0.0015328378393092937,0.0024195699471675374,0.0022211906878652483,0.002309530756858812,0.00231128013183279,0.0012932111380666853
4,0.0017847583273232364,0.0020360796845763436,0.0016816637332529843,0.0030025091287666735,0.0029102837513118244,0.0017660244249272556,0.0024102326048057155,0.0023698489575822226,0.002307788039526196,0.002387323869885563,0.0020685193989747387
5,0.0011824334241882586,0.0012306773194499347,0.0013362505315355324,0.0015328378393092937,0.0017660244249272556,0.0012886550905094642,0.0015663934962896035,0.0015737793139609319,0.0015265108314433886,0.0015575638317327218,0.0017516191972229847
6,0.001493067780251251,0.0017231445186903114,0.0015422887184301137,0.0024195699471675374,0.0024102326048057155,0.0015663934962896035,0.0021788007416468635,0.001981032743437616,0.0019874351997797982,0.0020552636443855305,0.0019900485278563406
7,0.0016513794231596802,0.001716294168954679,0.0016015077312996537,0.0022211906878652483,0.0023698489575822226,0.0015737793139609319,0.001981032743437616,0.0021649138962704074,0.001946335402094623,0.0019898952810441096,0.0019465033897421503
8,0.0014562179966585377,0.0016594647200302904,0.0014945895330217992,0.002309530756858812,0.002307788039526196,0.0015265108314433886,0.0019874351997797982,0.001946335402094623,0.0019996679593229857,0.001995381135517629,0.0019667383068043883
9,0.0014777222833709683,0.0016971310340458884,0.0015673187251328032,0.00231128013183279,0.002387323869885563,0.0015575638317327218,0.0020552636443855305,0.0019898952810441096,0.001995381135517629,0.0021777441499193618,0.0020418704783611136
10,0.0014431244971501779,0.0013975779735190522,0.002100637704849603,0.0012932111380666853,0.0020685193989747387,0.0017516191972229847,0.0019900485278563406,0.0019465033897421503,0.0019667383068043883,0.0020418704783611136,0.002939397684943572
