,0,1,2,3,4,5,6,7,8,9,10
0,0.0013109983530701721,0.0013361128031355205,0.0012513940486262407,0.0016382424745664157,0.0017913359403604217,0.0011831398943346991,0.0014937578932618064,0.0016605246868383913,0.0014585115356303526,0.001472369284629748,0.0014342504916141962
1,0.0013361128031355205,0.0015964295341665353,0.0011696805224869337,0.002173530650890049,0.0020444953093763153,0.0012362704030112147,0.0017272088700098036,0.001729043586910291,0.0016646713771752571,0.0016914998663421703,0.0013907087379098897
2,0.0012513940486262407,0.0011696805224869337,0.0016598853928730865,0.0011031956013112581,0.0016864167491554309,0.0013254657814590054,0.0015377913285049545,0.00160289140784505,0.0014914243996848931,0.0015638452596785889,0.0020856505415023856
3,0.0016382424745664157,0.002173530650890049,0.0011031956013112581,0.004144500662419283,0.0030137263169552043,0.0015426097488936107,0.0024270250033831668,0.0022382312233863734,0.002317707051376127,0.0023049570960106554,0.0012866598340469141
4,0.0017913359403604217,0.0020444953093763153,0.0016864167491554309,0.0030137263169552043,0.002915322889687012,0.0017764893527709962,0.0024163058951674793,0.0023802766486322956,0.002314063885625979,0.0023843174250029317,0.002070219208242095
5,0.0011831398943346991,0.0012362704030112147,0.0013254657814590054,0.0015426097488936107,0.0017764893527709962,0.001275549205075845,0.0015621563375294407,0.001580776852825407,0.001524318453375451,0.0015507408651781504,0.0017274989760615199
6,0.0014937578932618064,0.0017272088700098036,0.0015377913285049545,0.0024270250033831668,0.0024163058951674793,0.0015621563375294407,0.002178883108856711,0.0019855882694789617,0.001987857687732706,0.0020524978972022248,0.0019794857809083953
7,0.0016605246868383913,0.001729043586910291,0.00160289140784505,0.0022382312233863734,0.0023802766486322956,0.001580776852825407,0.0019855882694789617,0.0021812589567408087,0.0019526910862090786,0.0019822787745928066,0.001937616705160255
8,0.0014585115356303526,0.0016646713771752571,0.0014914243996848931,0.002317707051376127,0.002314063885625979,0.001524318453375451,0.001987857687732706,0.0019526910862090786,0.0020008842600397923,0.0019916612986132826,0.00195695709915307
9,0.001472369284629748,0.0016914998663421703,0.0015638452596785889,0.0023049570960106554,0.0023843174250029317,0.0015507408651781504,0.0020524978972022248,0.0019822787745928066,0.0019916612986132826,0.002180947904033459,0.0020413467485909447
10,0.0014342504916141962,0.0013907087379098897,0.0020856505415023856,0.0012866598340469141,0.002070219208242095,0.0017274989760615199,0.0019794857809083953,0.001937616705160255,0.00195695709915307,0.0020413467485909447,0.0029186620605058926
