,0,1,2,3,4,5,6,7,8,9,10
0,0.0007190669246970971,0.0007687098773728907,0.0004171231943410438,0.001274528077273036,0.0010310779788064526,0.0007045495888785234,0.0009028475619548448,0.0008919303169667167,0.0008993572066332189,0.0007653340422018578,0.0008040243533177119
1,0.0007687098773728907,0.0009873598066700861,0.00036385898027803144,0.0016136463972146865,0.0012596324507751168,0.0007649099736308882,0.001112526874904745,0.0010034545117066397,0.0010687563949946042,0.0009206662058508969,0.0008280992866522082
2,0.0004171231943410438,0.00036385898027803144,0.00042364866422500583,0.0006951926984871454,0.0006191657126603403,0.000503336665402615,0.0005575172691974651,0.0005636782335310621,0.0005524482187397029,0.0005298818918048813,0.0007324484435422424
3,0.001274528077273036,0.0016136463972146865,0.0006951926984871454,0.003530443378272201,0.002305478502674596,0.0013423027199936616,0.0020094867182651206,0.0016182100798448095,0.0019451285983469772,0.0016607906029091853,0.001447558374665704
4,0.0010310779788064526,0.0012596324507751168,0.0006191657126603403,0.002305478502674596,0.0018550725620062722,0.0010838830495796443,0.0015502090230823933,0.0013485147145467376,0.0015607437010402951,0.0014009587519748978,0.0013475660118425035
5,0.0007045495888785234,0.0007649099736308882,0.000503336665402615,0.0013423027199936616,0.0010838830495796443,0.0008344728542529221,0.0009878437812172907,0.0009438791152281259,0.0009487272154296365,0.0008864239270035787,0.0009772215886560407
6,0.0009028475619548448,0.001112526874904745,0.0005575172691974651,0.0020094867182651206,0.0015502090230823933,0.0009878437812172907,0.0014483725317466405,0.0012095341042604615,0.001317108205094058,0.0012019028209716363,0.0012117589319026532
7,0.0008919303169667167,0.0010034545117066397,0.0005636782335310621,0.0016182100798448095,0.0013485147145467376,0.0009438791152281259,0.0012095341042604615,0.0012059692424705583,0.0011736031241783246,0.0010244706009584089,0.0011262935104624256
8,0.0008993572066332189,0.0010687563949946042,0.0005524482187397029,0.0019451285983469772,0.0015607437010402951,0.0009487272154296365,0.001317108205094058,0.0011736031241783246,0.001376327815625282,0.0011719989840875793,0.0011897413791240187
9,0.0007653340422018578,0.0009206662058508969,0.0005298818918048813,0.0016607906029091853,0.0014009587519748978,0.0008864239270035787,0.0012019028209716363,0.0010244706009584089,0.0011719989840875793,0.0012306518142572382,0.0011851753749187932
10,0.0008040243533177119,0.0008280992866522082,0.0007324484435422424,0.001447558374665704,0.0013475660118425035,0.0009772215886560407,0.0012117589319026532,0.0011262935104624256,0.0011897413791240187,0.0011851753749187932,0.0015408872729050873
