,0,1,2,3,4,5,6,7,8,9,10
0,0.0012201180750820457,0.0011761665803288438,0.0011475842386852696,0.0013208212274964444,0.0015187813998363863,0.00101508430674592,0.0012077315567680402,0.0015015812183825277,0.0012322493317921224,0.0012498770287122502,0.0012109170292468657
1,0.0011761665803288438,0.001316823913701085,0.0009846245275175634,0.0016195892968507031,0.0015704439574967097,0.0009371869333493295,0.0012256097622309842,0.0014510735285836118,0.0012678288087395835,0.0013022005736207842,0.0009943476801263387
2,0.0011475842386852696,0.0009846245275175634,0.0015442323483992634,0.0007347622128028249,0.001368082301365057,0.0011376161437181582,0.0012088380370530382,0.0014191414598078835,0.0012312676975206004,0.0013068660498068991,0.0018346467103991873
3,0.0013208212274964444,0.0016195892968507031,0.0007347622128028249,0.0030475379798065314,0.0020757737296316137,0.000947403224481015,0.0014324780031955502,0.001687470909644995,0.0015308408418775934,0.001533516364196294,0.0004984059071698254
4,0.0015187813998363863,0.0015704439574967097,0.001368082301365057,0.0020757737296316137,0.0021146829052068926,0.0012626313833212016,0.001563846123684202,0.0019088480977580008,0.0016395715152289435,0.0017238333976869443,0.0013906086801588598
5,0.00101508430674592,0.0009371869333493295,0.0011376161437181582,0.000947403224481015,0.0012626313833212016,0.0009705694019557008,0.0010300949346275542,0.0012837736065922094,0.001103517943394869,0.0011353240305679304,0.00132028267031654
6,0.0012077315567680402,0.0012256097622309842,0.0012088380370530382,0.0014324780031955502,0.001563846123684202,0.0010300949346275542,0.001280381870993982,0.001487022466684683,0.0012770467940903633,0.0013544140215112962,0.0012734581454893047
7,0.0015015812183825277,0.0014510735285836118,0.0014191414598078835,0.001687470909644995,0.0019088480977580008,0.0012837736065922094,0.001487022466684683,0.0019049222152926044,0.0015582514854974203,0.0015952788792396168,0.0015439451400944782
8,0.0012322493317921224,0.0012678288087395835,0.0012312676975206004,0.0015308408418775934,0.0016395715152289435,0.001103517943394869,0.0012770467940903633,0.0015582514854974203,0.001438557929391049,0.0014393784053034302,0.0013985396927410348
9,0.0012498770287122502,0.0013022005736207842,0.0013068660498068991,0.001533516364196294,0.0017238333976869443,0.0011353240305679304,0.0013544140215112962,0.0015952788792396168,0.0014393784053034302,0.0016389875694808858,0.001490610692153688
10,0.0012109170292468657,0.0009943476801263387,0.0018346467103991873,0.0004984059071698254,0.0013906086801588598,0.00132028267031654,0.0012734581454893047,0.0015439451400944782,0.0013985396927410348,0.001490610692153688,0.0023755865665471727
