,0,1,2,3,4,5,6,7,8,9,10
0,0.0012878629606922665,0.0012943802129983509,0.0011884788908582552,0.0015570463588653154,0.00170331671286779,0.0011192547444579845,0.001381427403616043,0.001609043506564191,0.0013876830773930377,0.0013833319352257792,0.001314136678984106
1,0.0012943802129983509,0.0015231046213936869,0.0010559831928577917,0.0020317980927442017,0.0018924540922389747,0.0011189614327870143,0.0015287041361308031,0.0016385928537272741,0.0015390573681681066,0.0015350755635197715,0.0011744610806610695
2,0.0011884788908582552,0.0010559831928577917,0.0014888140251774148,0.0008818836373306439,0.00144633664992148,0.0011519550919308773,0.0012318766171027955,0.0014626344911927776,0.001298581979471229,0.0013212679434128681,0.0017589643966814097
3,0.0015570463588653154,0.0020317980927442017,0.0008818836373306439,0.0038709951989948483,0.002721115976138064,0.0013133842751288341,0.0020427711856779423,0.002063396789780352,0.0020743323112307607,0.0020026062995518296,0.0008661215939433953
4,0.00170331671286779,0.0018924540922389747,0.00144633664992148,0.002721115976138064,0.002603640662580566,0.0015263047961987103,0.002003140247078831,0.002192728177319683,0.002051999259056241,0.0020599891816784088,0.0016146852169542116
5,0.0011192547444579845,0.0011189614327870143,0.0011519550919308773,0.0013133842751288341,0.0015263047961987103,0.0011013326454890832,0.0012476046405404844,0.0014360621245405915,0.0013264584551477933,0.0013004428652531944,0.001395377921526825
6,0.001381427403616043,0.0015287041361308031,0.0012318766171027955,0.0020427711856779423,0.002003140247078831,0.0012476046405404844,0.0016421728126211844,0.001740719052979119,0.0016484940891622996,0.001629017505888613,0.0013971739520715835
7,0.001609043506564191,0.0016385928537272741,0.0014626344911927776,0.002063396789780352,0.002192728177319683,0.0014360621245405915,0.001740719052979119,0.0020696824875995634,0.0017977369655783472,0.0017893199188542684,0.0016708548988256708
8,0.0013876830773930377,0.0015390573681681066,0.001298581979471229,0.0020743323112307607,0.002051999259056241,0.0013264584551477933,0.0016484940891622996,0.0017977369655783472,0.0017864086958082938,0.0017236787121050479,0.0015896919978495236
9,0.0013833319352257792,0.0015350755635197715,0.0013212679434128681,0.0020026062995518296,0.0020599891816784088,0.0013004428652531944,0.001629017505888613,0.0017893199188542684,0.0017236787121050479,0.00184724750372402,0.0015799812841243894
10,0.001314136678984106,0.0011744610806610695,0.0017589643966814097,0.0008661215939433953,0.0016146852169542116,0.001395377921526825,0.0013971739520715835,0.0016708548988256708,0.0015896919978495236,0.0015799812841243894,0.0022951475568974092
