,0,1,2,3,4,5,6,7,8,9,10
0,0.0007608829936254035,0.0008129869771419498,0.0005419466016936668,0.0011754974682966165,0.0009428254632771568,0.0007626077209101628,0.0008548739620429914,0.000897805954260021,0.0008818631014536291,0.000793205585112883,0.0008943243499802904
1,0.0008129869771419498,0.0010030987275569164,0.0005674484718035745,0.0013768224430944708,0.00105634833573592,0.0008321872180183772,0.0009560228030832247,0.0009614029417092017,0.0009862153465095152,0.0009340145661989875,0.0009434035485394009
2,0.0005419466016936668,0.0005674484718035745,0.0006324735020208193,0.0007022037075199503,0.0006076072111438956,0.0006633379876293966,0.0006567214433540748,0.000691917372738102,0.0006470323471184209,0.000650146390981239,0.00095684647001708
3,0.0011754974682966165,0.0013768224430944708,0.0007022037075199503,0.003205803539968786,0.002049072837126897,0.0012293922107003182,0.0016751930147195224,0.0013997504881021509,0.001715301580675194,0.0015262951698948165,0.001317136483410581
4,0.0009428254632771568,0.00105634833573592,0.0006076072111438956,0.002049072837126897,0.0016539579026754686,0.0009818146609068595,0.001278653509632042,0.0011658668711682324,0.0013718910142741655,0.0012851311709461712,0.0012264296367884074
5,0.0007626077209101628,0.0008321872180183772,0.0006633379876293966,0.0012293922107003182,0.0009818146609068595,0.0009140007866775238,0.0009409297858543263,0.0009610302712840042,0.0009363646191025296,0.0009281325303382877,0.001098927389882385
6,0.0008548739620429914,0.0009560228030832247,0.0006567214433540748,0.0016751930147195224,0.001278653509632042,0.0009409297858543263,0.001144626604827063,0.0010389482490675722,0.001119894968434517,0.0011150659599174996,0.0011749917275525566
7,0.000897805954260021,0.0009614029417092017,0.000691917372738102,0.0013997504881021509,0.0011658668711682324,0.0009610302712840042,0.0010389482490675722,0.001131972086188578,0.0010719186595903726,0.0010033335457158422,0.0011695006780074579
8,0.0008818631014536291,0.0009862153465095152,0.0006470323471184209,0.001715301580675194,0.0013718910142741655,0.0009363646191025296,0.001119894968434517,0.0010719186595903726,0.0012520574077893607,0.0011271141691403775,0.001192436423903448
9,0.000793205585112883,0.0009340145661989875,0.000650146390981239,0.0015262951698948165,0.0012851311709461712,0.0009281325303382877,0.0011150659599174996,0.0010033335457158422,0.0011271141691403775,0.0012408402050563595,0.0012555816135251772
10,0.0008943243499802904,0.0009434035485394009,0.00095684647001708,0.001317136483410581,0.0012264296367884074,0.001098927389882385,0.0011749917275525566,0.0011695006780074579,0.001192436423903448,0.0012555816135251772,0.0017234380234220268
