,0,1,2,3,4,5,6,7,8,9,10
0,0.0007711974686889215,0.0008640907048656192,0.0005142388622184443,0.0012983366798358478,0.0010088597749236593,0.0008022552691182935,0.0009714228932510514,0.0009595509168484998,0.0009340101448046952,0.0008083465110030965,0.0009229610993614691
1,0.0008640907048656192,0.0011207390703849214,0.0004936077369700605,0.001707440589282202,0.0012759739501175523,0.000892926134460178,0.001203817936421943,0.001087525487342054,0.0011559047787376936,0.0009993997489057668,0.0009983645044609078
2,0.0005142388622184443,0.0004936077369700605,0.0005485266741270338,0.0007952142261944301,0.0006450800154798406,0.0006241528088730918,0.0006437942981402515,0.0006430811775604715,0.0006448632930702787,0.0006108656183174428,0.0008972436761259655
3,0.0012983366798358478,0.001707440589282202,0.0007952142261944301,0.00343201615879687,0.0022404824085741418,0.0014146023629105899,0.0020551460302425033,0.001691524163246753,0.0019350503700030666,0.0016939525208034172,0.0015330797716775963
4,0.0010088597749236593,0.0012759739501175523,0.0006450800154798406,0.0022404824085741418,0.001781039958431049,0.0011231074330721724,0.0015767629754830045,0.0013764749452700646,0.0015121231753552776,0.001378406428933953,0.0013706633273819087
5,0.0008022552691182935,0.000892926134460178,0.0006241528088730918,0.0014146023629105899,0.0011231074330721724,0.0009304493016569826,0.0010546076835463622,0.001017411381011783,0.0010451845280264882,0.0009767831700044861,0.001122683680636649
6,0.0009714228932510514,0.001203817936421943,0.0006437942981402515,0.0020551460302425033,0.0015767629754830045,0.0010546076835463622,0.001494530762753351,0.0012621181698880457,0.0013841892131803567,0.001266260566266399,0.0013136676604843134
7,0.0009595509168484998,0.001087525487342054,0.0006430811775604715,0.001691524163246753,0.0013764749452700646,0.001017411381011783,0.0012621181698880457,0.001254712902850574,0.0012418284153331545,0.0010819920314656738,0.0012316057698591944
8,0.0009340101448046952,0.0011559047787376936,0.0006448632930702787,0.0019350503700030666,0.0015121231753552776,0.0010451845280264882,0.0013841892131803567,0.0012418284153331545,0.0013854558963819238,0.0011996956665853156,0.0012978515360333078
9,0.0008083465110030965,0.0009993997489057668,0.0006108656183174428,0.0016939525208034172,0.001378406428933953,0.0009767831700044861,0.001266260566266399,0.0010819920314656738,0.0011996956665853156,0.0012623062773700492,0.001290877078235608
10,0.0009229610993614691,0.0009983645044609078,0.0008972436761259655,0.0015330797716775963,0.0013706633273819087,0.001122683680636649,0.0013136676604843134,0.0012316057698591944,0.0012978515360333078,0.001290877078235608,0.0017429696986047483
