,0,1,2,3,4,5,6,7,8,9,10
0,0.0013058203156648017,0.0013281561818863385,0.0012510783261509987,0.0016295626780267673,0.0017836359661931752,0.001181041376146614,0.0014906736642003766,0.0016505648064947323,0.00145406542963263,0.0014759286070296712,0.0014409839148613658
1,0.0013281561818863385,0.0015853368540551594,0.0011664688873567176,0.0021617881427823836,0.0020352137183336605,0.0012292855231867126,0.001721276365551267,0.001715166428171602,0.001657235118696064,0.0016955531637232195,0.0013950580657120814
2,0.0012510783261509987,0.0011664688873567176,0.001666424153631865,0.0010988300460246401,0.0016798131309819241,0.0013343823912370795,0.001540473384527929,0.001598851076961551,0.0014926068954714635,0.001567468155462324,0.002100486391846406
3,0.0016295626780267673,0.0021617881427823836,0.0010988300460246401,0.004132195144254472,0.003004407422264302,0.0015338011557103014,0.00242017603426884,0.0022235440283391514,0.002309403846642078,0.0023089311129647107,0.0012895083440014794
4,0.0017836359661931752,0.0020352137183336605,0.0016798131309819241,0.003004407422264302,0.002909610318748358,0.0017649088071567713,0.002409034910049433,0.002368677002689824,0.0023060926913384076,0.0023864245689819283,0.0020667392202497756
5,0.001181041376146614,0.0012292855231867126,0.0013343823912370795,0.0015338011557103014,0.0017649088071567713,0.0012871726555463466,0.001564864733868327,0.0015720056587588587,0.0015245213038830637,0.001556880612844141,0.0017501226702220088
6,0.0014906736642003766,0.001721276365551267,0.001540473384527929,0.00242017603426884,0.002409034910049433,0.001564864733868327,0.0021783021325632577,0.0019781533288741725,0.0019858455871068176,0.0020561085390995285,0.0019898096793982047
7,0.0016505648064947323,0.001715166428171602,0.001598851076961551,0.0022235440283391514,0.002368677002689824,0.0015720056587588587,0.0019781533288741725,0.002163898428900248,0.001943378127842202,0.001987342145370548,0.0019430168746498722
8,0.00145406542963263,0.001657235118696064,0.0014926068954714635,0.002309403846642078,0.0023060926913384076,0.0015245213038830637,0.0019858455871068176,0.001943378127842202,0.0019973888143993207,0.00199547241488779,0.001965936112862989
9,0.0014759286070296712,0.0016955531637232195,0.001567468155462324,0.0023089311129647107,0.0023864245689819283,0.001556880612844141,0.0020561085390995285,0.001987342145370548,0.00199547241488779,0.0021802700906461653,0.002044209977835607
10,0.0014409839148613658,0.0013950580657120814,0.002100486391846406,0.0012895083440014794,0.0020667392202497756,0.0017501226702220088,0.0019898096793982047,0.0019430168746498722,0.001965936112862989,0.002044209977835607,0.002941636547260981
