,0,1,2,3,4,5,6,7,8,9,10
0,0.000792225220819767,0.0009073838173059185,0.0005311093173545751,0.0012983170069449143,0.0010362316337808907,0.0007951444534013398,0.0009845636208610656,0.0009765023067964017,0.0009750836429433681,0.0008376895103247343,0.0009323452212872612
1,0.0009073838173059185,0.0011942347000068096,0.0005951953998263296,0.0016174713712510088,0.0012490528121758403,0.0009457319715083748,0.0012098096658678826,0.001141709202888824,0.0011584924233097658,0.0010544660027847917,0.0010783144871327414
2,0.0005311093173545751,0.0005951953998263296,0.0005970816821580367,0.0007435147315599431,0.0006327462162540647,0.0006420089177606675,0.000700552731263673,0.0007014637601721964,0.0006851129821902173,0.0006435316110827451,0.0009304783064248063
3,0.0012983170069449143,0.0016174713712510088,0.0007435147315599431,0.0035077601291421457,0.0022921552609557277,0.001378466580496635,0.0019935917001256075,0.0016294540524468474,0.0019300919208913544,0.0016818474323445445,0.0014944286756304183
4,0.0010362316337808907,0.0012490528121758403,0.0006327462162540647,0.0022921552609557277,0.0018480397773420413,0.0010935712087552136,0.0015350257799078139,0.0013464566190044165,0.00154652211350719,0.00140483741273288,0.0013591421064291112
5,0.0007951444534013398,0.0009457319715083748,0.0006420089177606675,0.001378466580496635,0.0010935712087552136,0.0009451821526014171,0.0010983968232497123,0.0010521913376062247,0.001051244553761647,0.0009765692993414013,0.0011349925898186924
6,0.0009845636208610656,0.0012098096658678826,0.000700552731263673,0.0019935917001256075,0.0015350257799078139,0.0010983968232497123,0.0014803609023700038,0.0012813039581220762,0.0013463236726896075,0.00127927238711075,0.001362271818894959
7,0.0009765023067964017,0.001141709202888824,0.0007014637601721964,0.0016294540524468474,0.0013464566190044165,0.0010521913376062247,0.0012813039581220762,0.0012950479033670343,0.0012399484685790443,0.001106793936227842,0.0012773833070070188
8,0.0009750836429433681,0.0011584924233097658,0.0006851129821902173,0.0019300919208913544,0.00154652211350719,0.001051244553761647,0.0013463236726896075,0.0012399484685790443,0.0014030019230713302,0.0012436725996135007,0.0013292738461525547
9,0.0008376895103247343,0.0010544660027847917,0.0006435316110827451,0.0016818474323445445,0.00140483741273288,0.0009765692993414013,0.00127927238711075,0.001106793936227842,0.0012436725996135007,0.0013020125308301246,0.0013125059486869277
10,0.0009323452212872612,0.0010783144871327414,0.0009304783064248063,0.0014944286756304183,0.0013591421064291112,0.0011349925898186924,0.001362271818894959,0.0012773833070070188,0.0013292738461525547,0.0013125059486869277,0.0017650942841468307
