,0,1,2,3,4,5,6,7,8,9,10
0,0.0012585098559905923,0.0012567658988228694,0.001141796676883148,0.0015043763078265676,0.0016422901135757324,0.001065658841601855,0.0013047632629374435,0.0015630852619384849,0.0013211660217309455,0.0013106941398072453,0.001220216982249043
1,0.0012567658988228694,0.00147158005143991,0.0010176080337975328,0.0019617022831414327,0.001822256186080732,0.0010528909113072036,0.001442604904203182,0.0015877934537466623,0.0014585152569427144,0.001449820499190517,0.0010896322745361168
2,0.001141796676883148,0.0010176080337975328,0.001397673984356187,0.0008505220533632039,0.0013753290775544767,0.001089965466780986,0.0011438548083302978,0.0013878295755999795,0.0012032864736543788,0.0012241195994410073,0.0015845162961270305
3,0.0015043763078265676,0.0019617022831414327,0.0008505220533632039,0.0037848919329543304,0.0026406577435251965,0.0012310100102752148,0.0019476224530626041,0.0020020751944448824,0.001970611953830372,0.0018985867394333117,0.000785253831692931
4,0.0016422901135757324,0.001822256186080732,0.0013753290775544767,0.0026406577435251965,0.0025071789052911256,0.0014342301777636646,0.001886301687425144,0.0021099911978362572,0.0019284868797697333,0.0019341723097344684,0.0014644292925397916
5,0.001065658841601855,0.0010528909113072036,0.001089965466780986,0.0012310100102752148,0.0014342301777636646,0.0010146511078248362,0.0011351304946980883,0.0013624592288729953,0.0012147782650123395,0.0011843952500466862,0.001263359186768105
6,0.0013047632629374435,0.001442604904203182,0.0011438548083302978,0.0019476224530626041,0.001886301687425144,0.0011351304946980883,0.0015013037081732321,0.001637789146768075,0.0014953018683994898,0.0014743500077645463,0.0012107230754299866
7,0.0015630852619384849,0.0015877934537466623,0.0013878295755999795,0.0020020751944448824,0.0021099911978362572,0.0013624592288729953,0.001637789146768075,0.0019990172781791013,0.0016991160800208442,0.0016851681005448545,0.0015221746442362581
8,0.0013211660217309455,0.0014585152569427144,0.0012032864736543788,0.001970611953830372,0.0019284868797697333,0.0012147782650123395,0.0014953018683994898,0.0016991160800208442,0.0016427368192245334,0.0015711428448957959,0.0013952160302370777
9,0.0013106941398072453,0.001449820499190517,0.0012241195994410073,0.0018985867394333117,0.0019341723097344684,0.0011843952500466862,0.0014743500077645463,0.0016851681005448545,0.0015711428448957959,0.001688113936703795,0.0013796491776699922
10,0.001220216982249043,0.0010896322745361168,0.0015845162961270305,0.000785253831692931,0.0014644292925397916,0.001263359186768105,0.0012107230754299866,0.0015221746442362581,0.0013952160302370777,0.0013796491776699922,0.001957981027432315
