,0,1,2,3,4,5,6,7,8,9,10
0,0.00012617148961470534,0.00012826078860464973,7.212444282426599e-05,0.00011426748442762733,8.30153258881751e-05,9.615630677521769e-05,0.00010185646815496081,0.00013337121132182662,8.477124047709549e-05,5.2472263701359985e-05,4.086273343275143e-05
1,0.00012826078860464973,0.00016078509860705415,7.722154765589216e-05,0.00012814341959010848,9.95392590963407e-05,0.00011331280031682594,0.00012235783932301866,0.0001624021187078717,9.816208615819241e-05,5.723434760080303e-05,3.86595526022086e-05
2,7.212444282426599e-05,7.722154765589216e-05,6.513547167328e-05,6.405609042459126e-05,5.569109976052626e-05,6.519548166388361e-05,6.190238662450149e-05,7.886679696726e-05,5.179372534801665e-05,3.774977749288311e-05,3.784547639955722e-05
3,0.00011426748442762733,0.00012814341959010848,6.405609042459126e-05,0.00017845036271910302,0.00011021010192499898,0.00010476822808654322,0.00012864263346776858,0.00014063115614615547,0.0001071008085256863,4.9018982807876874e-05,2.9633161479787518e-05
4,8.30153258881751e-05,9.95392590963407e-05,5.569109976052626e-05,0.00011021010192499898,0.00010019753527823586,7.979943409568984e-05,0.00010258749049586772,0.00011245412508177807,8.689483117961275e-05,3.1632785841132846e-05,2.4493483296220383e-05
5,9.615630677521769e-05,0.00011331280031682594,6.519548166388361e-05,0.00010476822808654322,7.979943409568984e-05,0.00010689546234463308,9.990797772302998e-05,0.0001289971757744006,8.343680173647962e-05,4.5884034444634885e-05,3.828503166429114e-05
6,0.00010185646815496081,0.00012235783932301866,6.190238662450149e-05,0.00012864263346776858,0.00010258749049586772,9.990797772302998e-05,0.00013274694913076722,0.00014155566680980894,0.00010316899378542317,4.2034274869624496e-05,2.902893649297568e-05
7,0.00013337121132182662,0.0001624021187078717,7.886679696726e-05,0.00014063115614615547,0.00011245412508177807,0.0001289971757744006,0.00014155566680980894,0.00020008993095972527,0.00011241068409101177,5.3983556906113586e-05,3.9395294665797064e-05
8,8.477124047709549e-05,9.816208615819241e-05,5.179372534801665e-05,0.0001071008085256863,8.689483117961275e-05,8.343680173647962e-05,0.00010316899378542317,0.00011241068409101177,9.760393854115074e-05,3.295850336976369e-05,2.0112807115503124e-05
9,5.2472263701359985e-05,5.723434760080303e-05,3.774977749288311e-05,4.9018982807876874e-05,3.1632785841132846e-05,4.5884034444634885e-05,4.2034274869624496e-05,5.3983556906113586e-05,3.295850336976369e-05,5.138379882052666e-05,3.46383163579515e-05
10,4.086273343275143e-05,3.86595526022086e-05,3.784547639955722e-05,2.9633161479787518e-05,2.4493483296220383e-05,3.828503166429114e-05,2.902893649297568e-05,3.9395294665797064e-05,2.0112807115503124e-05,3.46383163579515e-05,4.839413658312334e-05
