,0,1,2,3,4,5,6,7,8,9,10
0,0.0013115593357620565,0.0013325822313019636,0.001252357372983106,0.0016264734704116803,0.0017815388246862612,0.0011817129165762213,0.0014845739753240046,0.0016582366475940875,0.001452090445107897,0.0014631495508993068,0.0014316734568409586
1,0.0013325822313019636,0.0015610472586597205,0.001153627193748901,0.0020659116687076636,0.001965017105165019,0.001186219196947198,0.0016276504370495407,0.0017042685178681415,0.0015932900983109022,0.0016007232815902475,0.0013249690692294616
2,0.001252357372983106,0.001153627193748901,0.0016598068362402565,0.001051473546916038,0.0016451140608049648,0.0013127767657107163,0.0014947282258142027,0.001592167800360458,0.001461008539150666,0.0015222046963409112,0.0020670102461242267
3,0.0016264734704116803,0.0020659116687076636,0.001051473546916038,0.0038183285225086364,0.002774090687903943,0.001386348868316947,0.0021233607511717094,0.002162667479881223,0.002099801680645508,0.002029032841499022,0.0010822121497609262
4,0.0017815388246862612,0.001965017105165019,0.0016451140608049648,0.002774090687903943,0.002740607859810185,0.001656770109791608,0.00219113702061551,0.002324248846532482,0.0021522882712613264,0.0021807390572689323,0.0019144104598256635
5,0.0011817129165762213,0.001186219196947198,0.0013127767657107163,0.001386348868316947,0.001656770109791608,0.0012186817114368804,0.0014242536023903248,0.0015464495665347792,0.0014260840920528293,0.001421698071661944,0.0016500613896796943
6,0.0014845739753240046,0.0016276504370495407,0.0014947282258142027,0.0021233607511717094,0.00219113702061551,0.0014242536023903248,0.0018993627369785278,0.0019160275996025413,0.001787581932911107,0.001796938418822267,0.0017977802492456457
7,0.0016582366475940875,0.0017042685178681415,0.001592167800360458,0.002162667479881223,0.002324248846532482,0.0015464495665347792,0.0019160275996025413,0.0021639482875861313,0.0019028505421462645,0.0019186833839707148,0.0018923879194062273
8,0.001452090445107897,0.0015932900983109022,0.001461008539150666,0.002099801680645508,0.0021522882712613264,0.0014260840920528293,0.001787581932911107,0.0019028505421462645,0.001857416470799177,0.0018084016220401744,0.001827391468668641
9,0.0014631495508993068,0.0016007232815902475,0.0015222046963409112,0.002029032841499022,0.0021807390572689323,0.001421698071661944,0.001796938418822267,0.0019186833839707148,0.0018084016220401744,0.0019480805990027036,0.0018719801604823593
10,0.0014316734568409586,0.0013249690692294616,0.0020670102461242267,0.0010822121497609262,0.0019144104598256635,0.0016500613896796943,0.0017977802492456457,0.0018923879194062273,0.001827391468668641,0.0018719801604823593,0.002813887072310109
