,0,1,2,3,4,5,6,7,8,9,10
0,0.0005827888050149579,0.0005848212526564279,0.0004295067006857715,0.0008122283685472782,0.000640698914965897,0.0005631545129714871,0.0005557656774766262,0.0006291521099699943,0.0006347216752020927,0.0005991434387379248,0.0006451390638252936
1,0.0005848212526564279,0.0007438236679221147,0.00040660587408814923,0.0009405570346941159,0.0006891146289738614,0.0005777647459742906,0.0006186818346094947,0.000635694420881193,0.0006943529355618153,0.0006926952886366683,0.0006230930526013716
2,0.0004295067006857715,0.00040660587408814923,0.0005700167086908624,0.00045804658120284864,0.00040677910054257987,0.0005368503013738503,0.0004445732621263275,0.0005129125995634308,0.00047841536764600456,0.0005239134989797212,0.0008000650005098347
3,0.0008122283685472782,0.0009405570346941159,0.00045804658120284864,0.002490518426624874,0.0014503011285223165,0.0008235324796794741,0.0011055297647056435,0.0008680570166383438,0.0012330312938941433,0.0011368964582031977,0.0008079183956945506
4,0.000640698914965897,0.0006891146289738614,0.00040677910054257987,0.0014503011285223165,0.001153326812493919,0.0006441186210441172,0.0007987680082328205,0.0007212047281691989,0.0009674970649796621,0.0009603009329102548,0.0008030609686332079
5,0.0005631545129714871,0.0005777647459742906,0.0005368503013738503,0.0008235324796794741,0.0006441186210441172,0.0006906640671823427,0.0006074863057837725,0.0006607758204441264,0.0006604132623137519,0.0007110411142732191,0.0008198213176030367
6,0.0005557656774766262,0.0006186818346094947,0.0004445732621263275,0.0011055297647056435,0.0007987680082328205,0.0006074863057837725,0.0007059363998250161,0.0006133943600525404,0.0007391957907325949,0.0007992779050140648,0.0007550062323295566
7,0.0006291521099699943,0.000635694420881193,0.0005129125995634308,0.0008680570166383438,0.0007212047281691989,0.0006607758204441264,0.0006133943600525404,0.000737043566261398,0.000712956660857439,0.0007146768837443687,0.0007930100859306974
8,0.0006347216752020927,0.0006943529355618153,0.00047841536764600456,0.0012330312938941433,0.0009674970649796621,0.0006604132623137519,0.0007391957907325949,0.000712956660857439,0.0009276591198468497,0.0008632881950153121,0.0008458426669346823
9,0.0005991434387379248,0.0006926952886366683,0.0005239134989797212,0.0011368964582031977,0.0009603009329102548,0.0007110411142732191,0.0007992779050140648,0.0007146768837443687,0.0008632881950153121,0.0010309930005201248,0.000983818618207924
10,0.0006451390638252936,0.0006230930526013716,0.0008000650005098347,0.0008079183956945506,0.0008030609686332079,0.0008198213176030367,0.0007550062323295566,0.0007930100859306974,0.0008458426669346823,0.000983818618207924,0.0013748181220972302
