,0,1,2,3,4,5,6,7,8,9,10
0,0.000736289257253029,0.0007984675590078585,0.0005061012607996009,0.0012318424751993158,0.0009898553283401374,0.0007844387786748872,0.0009260447310406171,0.0009441483133443351,0.0009046570793786646,0.0008163319226526085,0.0009367704989675031
1,0.0007984675590078585,0.0010296861928650268,0.000488690429424757,0.001552283492707728,0.0012072961536357763,0.0008800677553242107,0.0011377433668071154,0.0010781092264994172,0.0010805252937679563,0.000993034993784837,0.0010302713074983772
2,0.0005061012607996009,0.000488690429424757,0.000548264154532976,0.0006997531299932606,0.0006296468847823516,0.0006098182574486533,0.0006038250457987957,0.0006482600320698228,0.0006228794896210625,0.000606610159566639,0.0009121940572699567
3,0.0012318424751993158,0.001552283492707728,0.0006997531299932606,0.0034775445478123154,0.0022571288829100707,0.0013538039747381966,0.001992313862938079,0.001613629803027759,0.0019018991890502417,0.0016602286091174344,0.0014760527526142188
4,0.0009898553283401374,0.0012072961536357763,0.0006296468847823516,0.0022571288829100707,0.0018047042374661365,0.0010971064877248636,0.0015432240200847454,0.0013470544965922715,0.0015192848590798345,0.0014034499192429543,0.0013682856453192975
5,0.0007844387786748872,0.0008800677553242107,0.0006098182574486533,0.0013538039747381966,0.0010971064877248636,0.0009232338807420001,0.0010328126077073785,0.0010166148100250213,0.0010132508942194648,0.0009521069628791799,0.0011215962773394085
6,0.0009260447310406171,0.0011377433668071154,0.0006038250457987957,0.001992313862938079,0.0015432240200847454,0.0010328126077073785,0.0014524730445760693,0.001239750016258886,0.001332270346111257,0.0012300783191273497,0.0013007633046025332
7,0.0009441483133443351,0.0010781092264994172,0.0006482600320698228,0.001613629803027759,0.0013470544965922715,0.0010166148100250213,0.001239750016258886,0.0012619100842509502,0.0012135338878354318,0.0010758581708053287,0.0012480536536381053
8,0.0009046570793786646,0.0010805252937679563,0.0006228794896210625,0.0019018991890502417,0.0015192848590798345,0.0010132508942194648,0.001332270346111257,0.0012135338878354318,0.0013722436165949144,0.001211746039143019,0.0012983629688550356
9,0.0008163319226526085,0.000993034993784837,0.000606610159566639,0.0016602286091174344,0.0014034499192429543,0.0009521069628791799,0.0012300783191273497,0.0010758581708053287,0.001211746039143019,0.0012775650886707331,0.0012953002447796994
10,0.0009367704989675031,0.0010302713074983772,0.0009121940572699567,0.0014760527526142188,0.0013682856453192975,0.0011215962773394085,0.0013007633046025332,0.0012480536536381053,0.0012983629688550356,0.0012953002447796994,0.0017586186726214414
