,0,1,2,3,4,5,6,7,8,9,10
0,0.0007317994743676952,0.0007962091824535036,0.00045842583433650303,0.0012513554715866994,0.001001993549264653,0.000750485660444182,0.0009093353835513983,0.0009120863964390355,0.0009056624979073239,0.0007812608219191255,0.0008673930924073703
1,0.0007962091824535036,0.0010428437337520365,0.00044059476856877827,0.0015787337215328772,0.0012142653651008176,0.0008461826970495666,0.0011292876485468075,0.0010429610468502585,0.0010847303693648329,0.0009529360912714737,0.0009403805488908532
2,0.00045842583433650303,0.00044059476856877827,0.000517850881290735,0.0006683089352307788,0.0005804864365550238,0.0005951172836988658,0.0005873318992800363,0.0006162179245380231,0.0005804182873841885,0.0005747564570711272,0.0008595881994529886
3,0.0012513554715866994,0.0015787337215328772,0.0006683089352307788,0.0035140048877130427,0.0022908389295337906,0.001328170497777243,0.0019870347838914382,0.0015971177377834857,0.0019245291759140053,0.0016400464622795454,0.0014274214243858903
4,0.001001993549264653,0.0012142653651008176,0.0005804864365550238,0.0022908389295337906,0.0018436069941690503,0.0010590425313008528,0.001523117461468946,0.0013204471964658,0.001535821821944544,0.0013740796579113372,0.0013125589027094622
5,0.000750485660444182,0.0008461826970495666,0.0005951172836988658,0.001328170497777243,0.0010590425313008528,0.0009178613352668418,0.0010238666100889267,0.0009981186846241595,0.000982289566082522,0.00093411545358047,0.0010930162898465932
6,0.0009093353835513983,0.0011292876485468075,0.0005873318992800363,0.0019870347838914382,0.001523117461468946,0.0010238666100889267,0.001449745244112587,0.0012226359849817445,0.0013186640141926616,0.0012115150431669533,0.0012613358523933496
7,0.0009120863964390355,0.0010429610468502585,0.0006162179245380231,0.0015971177377834857,0.0013204471964658,0.0009981186846241595,0.0012226359849817445,0.0012337298857836342,0.0011860116472045652,0.001047490931225221,0.0012012875706595004
8,0.0009056624979073239,0.0010847303693648329,0.0005804182873841885,0.0019245291759140053,0.001535821821944544,0.000982289566082522,0.0013186640141926616,0.0011860116472045652,0.001378029902876579,0.0011811691012139042,0.001235940715399482
9,0.0007812608219191255,0.0009529360912714737,0.0005747564570711272,0.0016400464622795454,0.0013740796579113372,0.00093411545358047,0.0012115150431669533,0.001047490931225221,0.0011811691012139042,0.0012494152217001804,0.0012510559777323916
10,0.0008673930924073703,0.0009403805488908532,0.0008595881994529886,0.0014274214243858903,0.0013125589027094622,0.0010930162898465932,0.0012613358523933496,0.0012012875706595004,0.001235940715399482,0.0012510559777323916,0.0017016678603725029
