,0,1,2,3,4,5,6,7,8,9,10
0,0.0012968402420633933,0.0013002712803456037,0.0012275895362733255,0.0015684709093074186,0.0017268537966212915,0.0011377941773110063,0.0014169468806781481,0.0016323166387829401,0.0014040314717861798,0.0014084973525620664,0.0013764132565383283
1,0.0013002712803456037,0.0015100197569702164,0.0011070386952963212,0.002006686680513925,0.0018926416592725092,0.0011193186754622335,0.0015399520329182344,0.0016607129849649234,0.0015314820573449138,0.001537277166984279,0.0012426961838021527
2,0.0012275895362733255,0.0011070386952963212,0.001621172423023311,0.0009805000504364994,0.0015717336328037238,0.0012504126052390577,0.001404687252606552,0.0015537694497073384,0.001397222403627391,0.0014523427184063313,0.001989285737109861
3,0.0015684709093074186,0.002006686680513925,0.0009805000504364994,0.0038228046255315445,0.0027217174266956066,0.001314261042528028,0.002064772130746005,0.002106187691649168,0.0020599266539394856,0.002007098842443104,0.000998023607185812
4,0.0017268537966212915,0.0018926416592725092,0.0015717336328037238,0.0027217174266956066,0.0026516171583471906,0.0015642829781095534,0.0020854107368248505,0.002259910826750423,0.0020783867101453173,0.0021130859947455587,0.0018025999608793513
5,0.0011377941773110063,0.0011193186754622335,0.0012504126052390577,0.001314261042528028,0.0015642829781095534,0.0011313928340973209,0.0013125556244097244,0.0014888951836083447,0.0013474692553896341,0.0013424424769288945,0.0015430542985789032
6,0.0014169468806781481,0.0015399520329182344,0.001404687252606552,0.002064772130746005,0.0020854107368248505,0.0013125556244097244,0.0017741276849833182,0.0018376737856232836,0.0017001549049746657,0.0017184033859908483,0.001663049963462768
7,0.0016323166387829401,0.0016607129849649234,0.0015537694497073384,0.002106187691649168,0.002259910826750423,0.0014888951836083447,0.0018376737856232836,0.002127250429522585,0.0018475136617317432,0.0018603419721563831,0.001821247375515512
8,0.0014040314717861798,0.0015314820573449138,0.001397222403627391,0.0020599266539394856,0.0020783867101453173,0.0013474692553896341,0.0017001549049746657,0.0018475136617317432,0.0017964163640995724,0.0017540524444438744,0.0017326550494409865
9,0.0014084973525620664,0.001537277166984279,0.0014523427184063313,0.002007098842443104,0.0021130859947455587,0.0013424424769288945,0.0017184033859908483,0.0018603419721563831,0.0017540524444438744,0.0019057072488972986,0.0017776654334104112
10,0.0013764132565383283,0.0012426961838021527,0.001989285737109861,0.000998023607185812,0.0018025999608793513,0.0015430542985789032,0.001663049963462768,0.001821247375515512,0.0017326550494409865,0.0017776654334104112,0.00268298093932422
