,0,1,2,3,4,5,6,7,8,9,10
0,0.0006550576185723941,0.0006957168781394544,0.00045872099403561367,0.0008868144169588161,0.0007429670662006707,0.0006334399963728235,0.0007464345712770881,0.0007996966745053458,0.0007160061564431465,0.0005301626509642267,0.0007352921195359355
1,0.0006957168781394544,0.0009134004907778785,0.00045252387445496203,0.0010643566762111487,0.0008491636983849644,0.0006868467131353458,0.0009055726666023449,0.0008913729048175342,0.0008222701207922484,0.0006035511120732591,0.000762601592439786
2,0.00045872099403561367,0.00045252387445496203,0.0005798203474824134,0.00047097713921746197,0.00044237342856880585,0.0005629975356448757,0.0005321286152523855,0.0005929440202350355,0.0005054031726174935,0.00046525411999084903,0.0008343540840650828
3,0.0008868144169588161,0.0010643566762111487,0.00047097713921746197,0.0024196737566900186,0.0015065152139361773,0.0008766259653431264,0.0013922603045104438,0.001139264762945206,0.0012665246020637534,0.0008015344991193766,0.0008824649140390582
4,0.0007429670662006707,0.0008491636983849644,0.00044237342856880585,0.0015065152139361773,0.0012815831255316432,0.0007370904901206695,0.0010986036648093366,0.0009943133254993425,0.0010657040388084445,0.0007745235888588651,0.000924464112138422
5,0.0006334399963728235,0.0006868467131353458,0.0005629975356448757,0.0008766259653431264,0.0007370904901206695,0.0007564626265239038,0.0008047549539696891,0.000839162630915646,0.0007328373289135407,0.0006092026173886813,0.0009050669705743136
6,0.0007464345712770881,0.0009055726666023449,0.0005321286152523855,0.0013922603045104438,0.0010986036648093366,0.0008047549539696891,0.0011542513777357043,0.001005422124248514,0.0009843172300396678,0.0007780277052987467,0.001004114964601368
7,0.0007996966745053458,0.0008913729048175342,0.0005929440202350355,0.001139264762945206,0.0009943133254993425,0.000839162630915646,0.001005422124248514,0.0010782018063261983,0.0009372320325979179,0.0007220118432373497,0.0010176708952020354
8,0.0007160061564431465,0.0008222701207922484,0.0005054031726174935,0.0012665246020637534,0.0010657040388084445,0.0007328373289135407,0.0009843172300396678,0.0009372320325979179,0.0010019018223989438,0.0006956378677247231,0.0009409361713139619
9,0.0005301626509642267,0.0006035511120732591,0.00046525411999084903,0.0008015344991193766,0.0007745235888588651,0.0006092026173886813,0.0007780277052987467,0.0007220118432373497,0.0006956378677247231,0.000624745051452984,0.0008647113721656057
10,0.0007352921195359355,0.000762601592439786,0.0008343540840650828,0.0008824649140390582,0.000924464112138422,0.0009050669705743136,0.001004114964601368,0.0010176708952020354,0.0009409361713139619,0.0008647113721656057,0.0014849666199301902
