,0,1,2,3,4,5,6,7,8,9,10
0,0.0007556880214559966,0.0008022660604969997,0.0005375823825744156,0.001150034123196084,0.0009272785360367418,0.0007537977589930054,0.000839136327054149,0.0008868127129463173,0.0008687131629724431,0.0007839587729083434,0.0008817929221229032
1,0.0008022660604969997,0.0009812600207704941,0.0005576036681381332,0.0013220444426285097,0.0010234914956335777,0.0008133874931331956,0.0009236408476386083,0.0009386818844943289,0.0009586556492518795,0.0009144039994931031,0.0009163466836750835
2,0.0005375823825744156,0.0005576036681381332,0.0006312631117203548,0.0006873424683857349,0.0005968095349882006,0.0006577488640609853,0.00064321936372474,0.0006827822872176277,0.0006372216665514412,0.0006439245909318913,0.0009498216959173024
3,0.001150034123196084,0.0013220444426285097,0.0006873424683857349,0.003098357226895296,0.001978886349534499,0.0011910278335052508,0.0015973069299146392,0.0013461330705564635,0.0016541341503545513,0.0014850831166108877,0.0012650266566468324
4,0.0009272785360367418,0.0010234914956335777,0.0005968095349882006,0.001978886349534499,0.0016095161641828909,0.0009571189025771553,0.0012312966397094727,0.0011330598446432306,0.0013336766573531118,0.0012588832349497764,0.0011921546256009722
5,0.0007537977589930054,0.0008133874931331956,0.0006577488640609853,0.0011910278335052508,0.0009571189025771553,0.0009003971962406333,0.000914033494396004,0.0009424611469229054,0.0009149763363888765,0.0009135920777687931,0.0010802601082954165
6,0.000839136327054149,0.0009236408476386083,0.00064321936372474,0.0015973069299146392,0.0012312966397094727,0.000914033494396004,0.0010969832348977325,0.0010056338861226192,0.0010799170522046541,0.0010868766878777312,0.001136628105596825
7,0.0008868127129463173,0.0009386818844943289,0.0006827822872176277,0.0013461330705564635,0.0011330598446432306,0.0009424611469229054,0.0010056338861226192,0.0011087130341010372,0.0010441420984074854,0.0009838291520487237,0.0011431254055087464
8,0.0008687131629724431,0.0009586556492518795,0.0006372216665514412,0.0016541341503545513,0.0013336766573531118,0.0009149763363888765,0.0010799170522046541,0.0010441420984074854,0.001219393643268783,0.0011044863412950708,0.001162479211092623
9,0.0007839587729083434,0.0009144039994931031,0.0006439245909318913,0.0014850831166108877,0.0012588832349497764,0.0009135920777687931,0.0010868766878777312,0.0009838291520487237,0.0011044863412950708,0.0012253548973186782,0.0012354816263325848
10,0.0008817929221229032,0.0009163466836750835,0.0009498216959173024,0.0012650266566468324,0.0011921546256009722,0.0010802601082954165,0.001136628105596825,0.0011431254055087464,0.001162479211092623,0.0012354816263325848,0.0016982050475029683
