,0,1,2,3,4,5,6,7,8,9,10
0,-0.028826242770941014,-0.08094078189931278,0.4332111378127247,7.058983845062889e-10,0.074220141308751,0.13980171904059246,0.04593942139896398,-0.09047970848366693,0.08194068485140106,-0.09975326684607924,0.5248868948816684
1,-0.028826242770941014,-0.08094078189931278,0.4332111378127247,7.058983845062889e-10,0.074220141308751,0.13980171904059246,0.04593942139896398,-0.09047970848366693,0.08194068485140106,-0.09975326684607924,0.5248868948816684
2,-0.028826242770941014,-0.08094078189931278,0.4332111378127247,7.058983845062889e-10,0.074220141308751,0.13980171904059246,0.04593942139896398,-0.09047970848366693,0.08194068485140106,-0.09975326684607924,0.5248868948816684
3,-0.028826242770941014,-0.08094078189931278,0.4332111378127247,7.058983845062889e-10,0.074220141308751,0.13980171904059246,0.04593942139896398,-0.09047970848366693,0.08194068485140106,-0.09975326684607924,0.5248868948816684
4,-0.028826242770941014,-0.08094078189931278,0.4332111378127247,7.058983845062889e-10,0.074220141308751,0.13980171904059246,0.04593942139896398,-0.09047970848366693,0.08194068485140106,-0.09975326684607924,0.5248868948816684
5,-0.028826242770941014,-0.08094078189931278,0.4332111378127247,7.058983845062889e-10,0.074220141308751,0.13980171904059246,0.04593942139896398,-0.09047970848366693,0.08194068485140106,-0.09975326684607924,0.5248868948816684
6,-0.028826242770941014,-0.08094078189931278,0.4332111378127247,7.058983845062889e-10,0.074220141308751,0.13980171904059246,0.04593942139896398,-0.09047970848366693,0.08194068485140106,-0.09975326684607924,0.5248868948816684
7,-0.028826242770941014,-0.08094078189931278,0.4332111378127247,7.058983845062889e-10,0.074220141308751,0.13980171904059246,0.04593942139896398,-0.09047970848366693,0.08194068485140106,-0.09975326684607924,0.5248868948816684
8,-0.028826242770941014,-0.08094078189931278,0.4332111378127247,7.058983845062889e-10,0.074220141308751,0.13980171904059246,0.04593942139896398,-0.09047970848366693,0.08194068485140106,-0.09975326684607924,0.5248868948816684
9,-0.028826242770941014,-0.08094078189931278,0.4332111378127247,7.058983845062889e-10,0.074220141308751,0.13980171904059246,0.04593942139896398,-0.09047970848366693,0.08194068485140106,-0.09975326684607924,0.5248868948816684
10,-0.028826242770941014,-0.08094078189931278,0.4332111378127247,7.058983845062889e-10,0.074220141308751,0.13980171904059246,0.04593942139896398,-0.09047970848366693,0.08194068485140106,-0.09975326684607924,0.5248868948816684
11,-0.028826242770941014,-0.08094078189931278,0.4332111378127247,7.058983845062889e-10,0.074220141308751,0.13980171904059246,0.04593942139896398,-0.09047970848366693,0.08194068485140106,-0.09975326684607924,0.5248868948816684
12,-0.028826242770941014,-0.08094078189931278,0.4332111378127247,7.058983845062889e-10,0.074220141308751,0.13980171904059246,0.04593942139896398,-0.09047970848366693,0.08194068485140106,-0.09975326684607924,0.5248868948816684
13,-0.028826242770941014,-0.08094078189931278,0.4332111378127247,7.058983845062889e-10,0.074220141308751,0.13980171904059246,0.04593942139896398,-0.09047970848366693,0.08194068485140106,-0.09975326684607924,0.5248868948816684
14,-0.028826242770941014,-0.08094078189931278,0.4332111378127247,7.058983845062889e-10,0.074220141308751,0.13980171904059246,0.04593942139896398,-0.09047970848366693,0.08194068485140106,-0.09975326684607924,0.5248868948816684
15,-0.028826242770941014,-0.08094078189931278,0.4332111378127247,7.058983845062889e-10,0.074220141308751,0.13980171904059246,0.04593942139896398,-0.09047970848366693,0.08194068485140106,-0.09975326684607924,0.5248868948816684
16,-0.028826242770941014,-0.08094078189931278,0.4332111378127247,7.058983845062889e-10,0.074220141308751,0.13980171904059246,0.04593942139896398,-0.09047970848366693,0.08194068485140106,-0.09975326684607924,0.5248868948816684
17,-0.028826242770941014,-0.08094078189931278,0.4332111378127247,7.058983845062889e-10,0.074220141308751,0.13980171904059246,0.04593942139896398,-0.09047970848366693,0.08194068485140106,-0.09975326684607924,0.5248868948816684
18,-0.028826242770941014,-0.08094078189931278,0.4332111378127247,7.058983845062889e-10,0.074220141308751,0.13980171904059246,0.04593942139896398,-0.09047970848366693,0.08194068485140106,-0.09975326684607924,0.5248868948816684
19,-0.028826242770941014,-0.08094078189931278,0.4332111378127247,7.058983845062889e-10,0.074220141308751,0.13980171904059246,0.04593942139896398,-0.09047970848366693,0.08194068485140106,-0.09975326684607924,0.5248868948816684
20,-0.028826242770941014,-0.08094078189931278,0.4332111378127247,7.058983845062889e-10,0.074220141308751,0.13980171904059246,0.04593942139896398,-0.09047970848366693,0.08194068485140106,-0.09975326684607924,0.5248868948816684
21,-0.028826242770941014,-0.08094078189931278,0.4332111378127247,7.058983845062889e-10,0.074220141308751,0.13980171904059246,0.04593942139896398,-0.09047970848366693,0.08194068485140106,-0.09975326684607924,0.5248868948816684
22,-0.028826242770941014,-0.08094078189931278,0.4332111378127247,7.058983845062889e-10,0.074220141308751,0.13980171904059246,0.04593942139896398,-0.09047970848366693,0.08194068485140106,-0.09975326684607924,0.5248868948816684
23,-0.028826242770941014,-0.08094078189931278,0.4332111378127247,7.058983845062889e-10,0.074220141308751,0.13980171904059246,0.04593942139896398,-0.09047970848366693,0.08194068485140106,-0.09975326684607924,0.5248868948816684
24,-0.028826242770941014,-0.08094078189931278,0.4332111378127247,7.058983845062889e-10,0.074220141308751,0.13980171904059246,0.04593942139896398,-0.09047970848366693,0.08194068485140106,-0.09975326684607924,0.5248868948816684
25,-0.028826242770941014,-0.08094078189931278,0.4332111378127247,7.058983845062889e-10,0.074220141308751,0.13980171904059246,0.04593942139896398,-0.09047970848366693,0.08194068485140106,-0.09975326684607924,0.5248868948816684
26,-0.028826242770941014,-0.08094078189931278,0.4332111378127247,7.058983845062889e-10,0.074220141308751,0.13980171904059246,0.04593942139896398,-0.09047970848366693,0.08194068485140106,-0.09975326684607924,0.5248868948816684
27,-0.028826242770941014,-0.08094078189931278,0.4332111378127247,7.058983845062889e-10,0.074220141308751,0.13980171904059246,0.04593942139896398,-0.09047970848366693,0.08194068485140106,-0.09975326684607924,0.5248868948816684
28,-0.028826242770941014,-0.08094078189931278,0.4332111378127247,7.058983845062889e-10,0.074220141308751,0.13980171904059246,0.04593942139896398,-0.09047970848366693,0.08194068485140106,-0.09975326684607924,0.5248868948816684
29,-0.028826242770941014,-0.08094078189931278,0.4332111378127247,7.058983845062889e-10,0.074220141308751,0.13980171904059246,0.04593942139896398,-0.09047970848366693,0.08194068485140106,-0.09975326684607924,0.5248868948816684
30,-0.028826242770941014,-0.08094078189931278,0.4332111378127247,7.058983845062889e-10,0.074220141308751,0.13980171904059246,0.04593942139896398,-0.09047970848366693,0.08194068485140106,-0.09975326684607924,0.5248868948816684
31,0.9041771061271314,0.03700696437796354,0.06350090946916524,0.01012367373390408,0.14530569417548522,0.02842526479373207,-0.2143399119000697,-0.08566008809993028,0.05647595488749309,0.019402216746833314,0.035582215688292
32,0.9041771061271314,0.03700696437796354,0.06350090946916524,0.01012367373390408,0.14530569417548522,0.02842526479373207,-0.2143399119000697,-0.08566008809993028,0.05647595488749309,0.019402216746833314,0.035582215688292
33,0.9041771061271314,0.03700696437796354,0.06350090946916524,0.01012367373390408,0.14530569417548522,0.02842526479373207,-0.2143399119000697,-0.08566008809993028,0.05647595488749309,0.019402216746833314,0.035582215688292
34,0.9041771061271314,0.03700696437796354,0.06350090946916524,0.01012367373390408,0.14530569417548522,0.02842526479373207,-0.2143399119000697,-0.08566008809993028,0.05647595488749309,0.019402216746833314,0.035582215688292
35,0.9041771061271314,0.03700696437796354,0.06350090946916524,0.01012367373390408,0.14530569417548522,0.02842526479373207,-0.2143399119000697,-0.08566008809993028,0.05647595488749309,0.019402216746833314,0.035582215688292
36,0.9041771061271314,0.03700696437796354,0.06350090946916524,0.01012367373390408,0.14530569417548522,0.02842526479373207,-0.2143399119000697,-0.08566008809993028,0.05647595488749309,0.019402216746833314,0.035582215688292
37,0.9041771061271314,0.03700696437796354,0.06350090946916524,0.01012367373390408,0.14530569417548522,0.02842526479373207,-0.2143399119000697,-0.08566008809993028,0.05647595488749309,0.019402216746833314,0.035582215688292
38,0.9041771061271314,0.03700696437796354,0.06350090946916524,0.01012367373390408,0.14530569417548522,0.02842526479373207,-0.2143399119000697,-0.08566008809993028,0.05647595488749309,0.019402216746833314,0.035582215688292
39,0.9041771061271314,0.03700696437796354,0.06350090946916524,0.01012367373390408,0.14530569417548522,0.02842526479373207,-0.2143399119000697,-0.08566008809993028,0.05647595488749309,0.019402216746833314,0.035582215688292
40,0.9041771061271314,0.03700696437796354,0.06350090946916524,0.01012367373390408,0.14530569417548522,0.02842526479373207,-0.2143399119000697,-0.08566008809993028,0.05647595488749309,0.019402216746833314,0.035582215688292
41,0.9041771061271314,0.03700696437796354,0.06350090946916524,0.01012367373390408,0.14530569417548522,0.02842526479373207,-0.2143399119000697,-0.08566008809993028,0.05647595488749309,0.019402216746833314,0.035582215688292
42,0.9041771061271314,0.03700696437796354,0.06350090946916524,0.01012367373390408,0.14530569417548522,0.02842526479373207,-0.2143399119000697,-0.08566008809993028,0.05647595488749309,0.019402216746833314,0.035582215688292
43,0.9041771061271314,0.03700696437796354,0.06350090946916524,0.01012367373390408,0.14530569417548522,0.02842526479373207,-0.2143399119000697,-0.08566008809993028,0.05647595488749309,0.019402216746833314,0.035582215688292
44,0.9041771061271314,0.03700696437796354,0.06350090946916524,0.01012367373390408,0.14530569417548522,0.02842526479373207,-0.2143399119000697,-0.08566008809993028,0.05647595488749309,0.019402216746833314,0.035582215688292
45,0.9041771061271314,0.03700696437796354,0.06350090946916524,0.01012367373390408,0.14530569417548522,0.02842526479373207,-0.2143399119000697,-0.08566008809993028,0.05647595488749309,0.019402216746833314,0.035582215688292
46,0.9041771061271314,0.03700696437796354,0.06350090946916524,0.01012367373390408,0.14530569417548522,0.02842526479373207,-0.2143399119000697,-0.08566008809993028,0.05647595488749309,0.019402216746833314,0.035582215688292
47,0.9041771061271314,0.03700696437796354,0.06350090946916524,0.01012367373390408,0.14530569417548522,0.02842526479373207,-0.2143399119000697,-0.08566008809993028,0.05647595488749309,0.019402216746833314,0.035582215688292
48,0.9041771061271314,0.03700696437796354,0.06350090946916524,0.01012367373390408,0.14530569417548522,0.02842526479373207,-0.2143399119000697,-0.08566008809993028,0.05647595488749309,0.019402216746833314,0.035582215688292
49,0.9041771061271314,0.03700696437796354,0.06350090946916524,0.01012367373390408,0.14530569417548522,0.02842526479373207,-0.2143399119000697,-0.08566008809993028,0.05647595488749309,0.019402216746833314,0.035582215688292
50,0.9041771061271314,0.03700696437796354,0.06350090946916524,0.01012367373390408,0.14530569417548522,0.02842526479373207,-0.2143399119000697,-0.08566008809993028,0.05647595488749309,0.019402216746833314,0.035582215688292
51,0.9041771061271314,0.03700696437796354,0.06350090946916524,0.01012367373390408,0.14530569417548522,0.02842526479373207,-0.2143399119000697,-0.08566008809993028,0.05647595488749309,0.019402216746833314,0.035582215688292
52,0.9041771061271314,0.03700696437796354,0.06350090946916524,0.01012367373390408,0.14530569417548522,0.02842526479373207,-0.2143399119000697,-0.08566008809993028,0.05647595488749309,0.019402216746833314,0.035582215688292
53,0.9041771061271314,0.03700696437796354,0.06350090946916524,0.01012367373390408,0.14530569417548522,0.02842526479373207,-0.2143399119000697,-0.08566008809993028,0.05647595488749309,0.019402216746833314,0.035582215688292
54,0.9041771061271314,0.03700696437796354,0.06350090946916524,0.01012367373390408,0.14530569417548522,0.02842526479373207,-0.2143399119000697,-0.08566008809993028,0.05647595488749309,0.019402216746833314,0.035582215688292
55,0.9041771061271314,0.03700696437796354,0.06350090946916524,0.01012367373390408,0.14530569417548522,0.02842526479373207,-0.2143399119000697,-0.08566008809993028,0.05647595488749309,0.019402216746833314,0.035582215688292
56,0.9041771061271314,0.03700696437796354,0.06350090946916524,0.01012367373390408,0.14530569417548522,0.02842526479373207,-0.2143399119000697,-0.08566008809993028,0.05647595488749309,0.019402216746833314,0.035582215688292
57,0.9041771061271314,0.03700696437796354,0.06350090946916524,0.01012367373390408,0.14530569417548522,0.02842526479373207,-0.2143399119000697,-0.08566008809993028,0.05647595488749309,0.019402216746833314,0.035582215688292
58,0.9041771061271314,0.03700696437796354,0.06350090946916524,0.01012367373390408,0.14530569417548522,0.02842526479373207,-0.2143399119000697,-0.08566008809993028,0.05647595488749309,0.019402216746833314,0.035582215688292
59,0.05179094566906824,0.06735301124450564,0.04568998020618771,0.027592776273626506,0.12043608084667388,0.02146949104678928,0.025368474212157526,0.03607039674058192,0.01833486801156152,0.1919049899010853,0.39398898584776254
60,0.05179094566906824,0.06735301124450564,0.04568998020618771,0.027592776273626506,0.12043608084667388,0.02146949104678928,0.025368474212157526,0.03607039674058192,0.01833486801156152,0.1919049899010853,0.39398898584776254
61,0.05179094566906824,0.06735301124450564,0.04568998020618771,0.027592776273626506,0.12043608084667388,0.02146949104678928,0.025368474212157526,0.03607039674058192,0.01833486801156152,0.1919049899010853,0.39398898584776254
62,0.05179094566906824,0.06735301124450564,0.04568998020618771,0.027592776273626506,0.12043608084667388,0.02146949104678928,0.025368474212157526,0.03607039674058192,0.01833486801156152,0.1919049899010853,0.39398898584776254
63,0.05179094566906824,0.06735301124450564,0.04568998020618771,0.027592776273626506,0.12043608084667388,0.02146949104678928,0.025368474212157526,0.03607039674058192,0.01833486801156152,0.1919049899010853,0.39398898584776254
64,0.05179094566906824,0.06735301124450564,0.04568998020618771,0.027592776273626506,0.12043608084667388,0.02146949104678928,0.025368474212157526,0.03607039674058192,0.01833486801156152,0.1919049899010853,0.39398898584776254
65,0.05179094566906824,0.06735301124450564,0.04568998020618771,0.027592776273626506,0.12043608084667388,0.02146949104678928,0.025368474212157526,0.03607039674058192,0.01833486801156152,0.1919049899010853,0.39398898584776254
66,0.05179094566906824,0.06735301124450564,0.04568998020618771,0.027592776273626506,0.12043608084667388,0.02146949104678928,0.025368474212157526,0.03607039674058192,0.01833486801156152,0.1919049899010853,0.39398898584776254
67,0.05179094566906824,0.06735301124450564,0.04568998020618771,0.027592776273626506,0.12043608084667388,0.02146949104678928,0.025368474212157526,0.03607039674058192,0.01833486801156152,0.1919049899010853,0.39398898584776254
68,0.05179094566906824,0.06735301124450564,0.04568998020618771,0.027592776273626506,0.12043608084667388,0.02146949104678928,0.025368474212157526,0.03607039674058192,0.01833486801156152,0.1919049899010853,0.39398898584776254
69,0.05179094566906824,0.06735301124450564,0.04568998020618771,0.027592776273626506,0.12043608084667388,0.02146949104678928,0.025368474212157526,0.03607039674058192,0.01833486801156152,0.1919049899010853,0.39398898584776254
70,0.05179094566906824,0.06735301124450564,0.04568998020618771,0.027592776273626506,0.12043608084667388,0.02146949104678928,0.025368474212157526,0.03607039674058192,0.01833486801156152,0.1919049899010853,0.39398898584776254
71,0.05179094566906824,0.06735301124450564,0.04568998020618771,0.027592776273626506,0.12043608084667388,0.02146949104678928,0.025368474212157526,0.03607039674058192,0.01833486801156152,0.1919049899010853,0.39398898584776254
72,0.05179094566906824,0.06735301124450564,0.04568998020618771,0.027592776273626506,0.12043608084667388,0.02146949104678928,0.025368474212157526,0.03607039674058192,0.01833486801156152,0.1919049899010853,0.39398898584776254
73,0.05179094566906824,0.06735301124450564,0.04568998020618771,0.027592776273626506,0.12043608084667388,0.02146949104678928,0.025368474212157526,0.03607039674058192,0.01833486801156152,0.1919049899010853,0.39398898584776254
74,0.05179094566906824,0.06735301124450564,0.04568998020618771,0.027592776273626506,0.12043608084667388,0.02146949104678928,0.025368474212157526,0.03607039674058192,0.01833486801156152,0.1919049899010853,0.39398898584776254
75,0.05179094566906824,0.06735301124450564,0.04568998020618771,0.027592776273626506,0.12043608084667388,0.02146949104678928,0.025368474212157526,0.03607039674058192,0.01833486801156152,0.1919049899010853,0.39398898584776254
76,0.05179094566906824,0.06735301124450564,0.04568998020618771,0.027592776273626506,0.12043608084667388,0.02146949104678928,0.025368474212157526,0.03607039674058192,0.01833486801156152,0.1919049899010853,0.39398898584776254
77,0.05179094566906824,0.06735301124450564,0.04568998020618771,0.027592776273626506,0.12043608084667388,0.02146949104678928,0.025368474212157526,0.03607039674058192,0.01833486801156152,0.1919049899010853,0.39398898584776254
78,0.05179094566906824,0.06735301124450564,0.04568998020618771,0.027592776273626506,0.12043608084667388,0.02146949104678928,0.025368474212157526,0.03607039674058192,0.01833486801156152,0.1919049899010853,0.39398898584776254
79,0.05179094566906824,0.06735301124450564,0.04568998020618771,0.027592776273626506,0.12043608084667388,0.02146949104678928,0.025368474212157526,0.03607039674058192,0.01833486801156152,0.1919049899010853,0.39398898584776254
80,0.05179094566906824,0.06735301124450564,0.04568998020618771,0.027592776273626506,0.12043608084667388,0.02146949104678928,0.025368474212157526,0.03607039674058192,0.01833486801156152,0.1919049899010853,0.39398898584776254
81,0.05179094566906824,0.06735301124450564,0.04568998020618771,0.027592776273626506,0.12043608084667388,0.02146949104678928,0.025368474212157526,0.03607039674058192,0.01833486801156152,0.1919049899010853,0.39398898584776254
82,0.05179094566906824,0.06735301124450564,0.04568998020618771,0.027592776273626506,0.12043608084667388,0.02146949104678928,0.025368474212157526,0.03607039674058192,0.01833486801156152,0.1919049899010853,0.39398898584776254
83,0.05179094566906824,0.06735301124450564,0.04568998020618771,0.027592776273626506,0.12043608084667388,0.02146949104678928,0.025368474212157526,0.03607039674058192,0.01833486801156152,0.1919049899010853,0.39398898584776254
84,0.05179094566906824,0.06735301124450564,0.04568998020618771,0.027592776273626506,0.12043608084667388,0.02146949104678928,0.025368474212157526,0.03607039674058192,0.01833486801156152,0.1919049899010853,0.39398898584776254
85,0.05179094566906824,0.06735301124450564,0.04568998020618771,0.027592776273626506,0.12043608084667388,0.02146949104678928,0.025368474212157526,0.03607039674058192,0.01833486801156152,0.1919049899010853,0.39398898584776254
86,0.05179094566906824,0.06735301124450564,0.04568998020618771,0.027592776273626506,0.12043608084667388,0.02146949104678928,0.025368474212157526,0.03607039674058192,0.01833486801156152,0.1919049899010853,0.39398898584776254
87,0.05179094566906824,0.06735301124450564,0.04568998020618771,0.027592776273626506,0.12043608084667388,0.02146949104678928,0.025368474212157526,0.03607039674058192,0.01833486801156152,0.1919049899010853,0.39398898584776254
88,0.05179094566906824,0.06735301124450564,0.04568998020618771,0.027592776273626506,0.12043608084667388,0.02146949104678928,0.025368474212157526,0.03607039674058192,0.01833486801156152,0.1919049899010853,0.39398898584776254
89,0.05179094566906824,0.06735301124450564,0.04568998020618771,0.027592776273626506,0.12043608084667388,0.02146949104678928,0.025368474212157526,0.03607039674058192,0.01833486801156152,0.1919049899010853,0.39398898584776254
90,0.06554154422857644,0.10381679505428305,0.0994655852415233,0.0629432613264117,0.05783529692881966,0.09843984201312646,0.08179969635450514,0.08714212483689614,0.06412908296610682,0.0830700757812331,0.1958166952685181
91,0.06554154422857644,0.10381679505428305,0.0994655852415233,0.0629432613264117,0.05783529692881966,0.09843984201312646,0.08179969635450514,0.08714212483689614,0.06412908296610682,0.0830700757812331,0.1958166952685181
92,0.06554154422857644,0.10381679505428305,0.0994655852415233,0.0629432613264117,0.05783529692881966,0.09843984201312646,0.08179969635450514,0.08714212483689614,0.06412908296610682,0.0830700757812331,0.1958166952685181
93,0.06554154422857644,0.10381679505428305,0.0994655852415233,0.0629432613264117,0.05783529692881966,0.09843984201312646,0.08179969635450514,0.08714212483689614,0.06412908296610682,0.0830700757812331,0.1958166952685181
94,0.06554154422857644,0.10381679505428305,0.0994655852415233,0.0629432613264117,0.05783529692881966,0.09843984201312646,0.08179969635450514,0.08714212483689614,0.06412908296610682,0.0830700757812331,0.1958166952685181
95,0.06554154422857644,0.10381679505428305,0.0994655852415233,0.0629432613264117,0.05783529692881966,0.09843984201312646,0.08179969635450514,0.08714212483689614,0.06412908296610682,0.0830700757812331,0.1958166952685181
96,0.06554154422857644,0.10381679505428305,0.0994655852415233,0.0629432613264117,0.05783529692881966,0.09843984201312646,0.08179969635450514,0.08714212483689614,0.06412908296610682,0.0830700757812331,0.1958166952685181
97,0.06554154422857644,0.10381679505428305,0.0994655852415233,0.0629432613264117,0.05783529692881966,0.09843984201312646,0.08179969635450514,0.08714212483689614,0.06412908296610682,0.0830700757812331,0.1958166952685181
98,0.06554154422857644,0.10381679505428305,0.0994655852415233,0.0629432613264117,0.05783529692881966,0.09843984201312646,0.08179969635450514,0.08714212483689614,0.06412908296610682,0.0830700757812331,0.1958166952685181
99,0.06554154422857644,0.10381679505428305,0.0994655852415233,0.0629432613264117,0.05783529692881966,0.09843984201312646,0.08179969635450514,0.08714212483689614,0.06412908296610682,0.0830700757812331,0.1958166952685181
100,0.06554154422857644,0.10381679505428305,0.0994655852415233,0.0629432613264117,0.05783529692881966,0.09843984201312646,0.08179969635450514,0.08714212483689614,0.06412908296610682,0.0830700757812331,0.1958166952685181
101,0.06554154422857644,0.10381679505428305,0.0994655852415233,0.0629432613264117,0.05783529692881966,0.09843984201312646,0.08179969635450514,0.08714212483689614,0.06412908296610682,0.0830700757812331,0.1958166952685181
102,0.06554154422857644,0.10381679505428305,0.0994655852415233,0.0629432613264117,0.05783529692881966,0.09843984201312646,0.08179969635450514,0.08714212483689614,0.06412908296610682,0.0830700757812331,0.1958166952685181
103,0.06554154422857644,0.10381679505428305,0.0994655852415233,0.0629432613264117,0.05783529692881966,0.09843984201312646,0.08179969635450514,0.08714212483689614,0.06412908296610682,0.0830700757812331,0.1958166952685181
104,0.06554154422857644,0.10381679505428305,0.0994655852415233,0.0629432613264117,0.05783529692881966,0.09843984201312646,0.08179969635450514,0.08714212483689614,0.06412908296610682,0.0830700757812331,0.1958166952685181
105,0.06554154422857644,0.10381679505428305,0.0994655852415233,0.0629432613264117,0.05783529692881966,0.09843984201312646,0.08179969635450514,0.08714212483689614,0.06412908296610682,0.0830700757812331,0.1958166952685181
106,0.06554154422857644,0.10381679505428305,0.0994655852415233,0.0629432613264117,0.05783529692881966,0.09843984201312646,0.08179969635450514,0.08714212483689614,0.06412908296610682,0.0830700757812331,0.1958166952685181
107,0.06554154422857644,0.10381679505428305,0.0994655852415233,0.0629432613264117,0.05783529692881966,0.09843984201312646,0.08179969635450514,0.08714212483689614,0.06412908296610682,0.0830700757812331,0.1958166952685181
108,0.06554154422857644,0.10381679505428305,0.0994655852415233,0.0629432613264117,0.05783529692881966,0.09843984201312646,0.08179969635450514,0.08714212483689614,0.06412908296610682,0.0830700757812331,0.1958166952685181
109,0.06554154422857644,0.10381679505428305,0.0994655852415233,0.0629432613264117,0.05783529692881966,0.09843984201312646,0.08179969635450514,0.08714212483689614,0.06412908296610682,0.0830700757812331,0.1958166952685181
110,0.06554154422857644,0.10381679505428305,0.0994655852415233,0.0629432613264117,0.05783529692881966,0.09843984201312646,0.08179969635450514,0.08714212483689614,0.06412908296610682,0.0830700757812331,0.1958166952685181
111,0.06554154422857644,0.10381679505428305,0.0994655852415233,0.0629432613264117,0.05783529692881966,0.09843984201312646,0.08179969635450514,0.08714212483689614,0.06412908296610682,0.0830700757812331,0.1958166952685181
112,0.06554154422857644,0.10381679505428305,0.0994655852415233,0.0629432613264117,0.05783529692881966,0.09843984201312646,0.08179969635450514,0.08714212483689614,0.06412908296610682,0.0830700757812331,0.1958166952685181
113,0.06554154422857644,0.10381679505428305,0.0994655852415233,0.0629432613264117,0.05783529692881966,0.09843984201312646,0.08179969635450514,0.08714212483689614,0.06412908296610682,0.0830700757812331,0.1958166952685181
114,0.06554154422857644,0.10381679505428305,0.0994655852415233,0.0629432613264117,0.05783529692881966,0.09843984201312646,0.08179969635450514,0.08714212483689614,0.06412908296610682,0.0830700757812331,0.1958166952685181
115,0.06554154422857644,0.10381679505428305,0.0994655852415233,0.0629432613264117,0.05783529692881966,0.09843984201312646,0.08179969635450514,0.08714212483689614,0.06412908296610682,0.0830700757812331,0.1958166952685181
116,0.06554154422857644,0.10381679505428305,0.0994655852415233,0.0629432613264117,0.05783529692881966,0.09843984201312646,0.08179969635450514,0.08714212483689614,0.06412908296610682,0.0830700757812331,0.1958166952685181
117,0.06554154422857644,0.10381679505428305,0.0994655852415233,0.0629432613264117,0.05783529692881966,0.09843984201312646,0.08179969635450514,0.08714212483689614,0.06412908296610682,0.0830700757812331,0.1958166952685181
118,0.06554154422857644,0.10381679505428305,0.0994655852415233,0.0629432613264117,0.05783529692881966,0.09843984201312646,0.08179969635450514,0.08714212483689614,0.06412908296610682,0.0830700757812331,0.1958166952685181
119,0.06554154422857644,0.10381679505428305,0.0994655852415233,0.0629432613264117,0.05783529692881966,0.09843984201312646,0.08179969635450514,0.08714212483689614,0.06412908296610682,0.0830700757812331,0.1958166952685181
120,-0.12200720198311032,-0.03895081956167533,1.0628096194104717,0.014606115684361787,0.06307906335576258,-0.06135839448979349,-0.03912309782772265,-0.038560486137698226,0.06511050003841617,0.05092906900368845,0.04346563250729941
121,-0.12200720198311032,-0.03895081956167533,1.0628096194104717,0.014606115684361787,0.06307906335576258,-0.06135839448979349,-0.03912309782772265,-0.038560486137698226,0.06511050003841617,0.05092906900368845,0.04346563250729941
122,-0.12200720198311032,-0.03895081956167533,1.0628096194104717,0.014606115684361787,0.06307906335576258,-0.06135839448979349,-0.03912309782772265,-0.038560486137698226,0.06511050003841617,0.05092906900368845,0.04346563250729941
123,-0.12200720198311032,-0.03895081956167533,1.0628096194104717,0.014606115684361787,0.06307906335576258,-0.06135839448979349,-0.03912309782772265,-0.038560486137698226,0.06511050003841617,0.05092906900368845,0.04346563250729941
124,-0.12200720198311032,-0.03895081956167533,1.0628096194104717,0.014606115684361787,0.06307906335576258,-0.06135839448979349,-0.03912309782772265,-0.038560486137698226,0.06511050003841617,0.05092906900368845,0.04346563250729941
125,-0.12200720198311032,-0.03895081956167533,1.0628096194104717,0.014606115684361787,0.06307906335576258,-0.06135839448979349,-0.03912309782772265,-0.038560486137698226,0.06511050003841617,0.05092906900368845,0.04346563250729941
126,-0.12200720198311032,-0.03895081956167533,1.0628096194104717,0.014606115684361787,0.06307906335576258,-0.06135839448979349,-0.03912309782772265,-0.038560486137698226,0.06511050003841617,0.05092906900368845,0.04346563250729941
127,-0.12200720198311032,-0.03895081956167533,1.0628096194104717,0.014606115684361787,0.06307906335576258,-0.06135839448979349,-0.03912309782772265,-0.038560486137698226,0.06511050003841617,0.05092906900368845,0.04346563250729941
128,-0.12200720198311032,-0.03895081956167533,1.0628096194104717,0.014606115684361787,0.06307906335576258,-0.06135839448979349,-0.03912309782772265,-0.038560486137698226,0.06511050003841617,0.05092906900368845,0.04346563250729941
129,-0.12200720198311032,-0.03895081956167533,1.0628096194104717,0.014606115684361787,0.06307906335576258,-0.06135839448979349,-0.03912309782772265,-0.038560486137698226,0.06511050003841617,0.05092906900368845,0.04346563250729941
130,-0.12200720198311032,-0.03895081956167533,1.0628096194104717,0.014606115684361787,0.06307906335576258,-0.06135839448979349,-0.03912309782772265,-0.038560486137698226,0.06511050003841617,0.05092906900368845,0.04346563250729941
131,-0.12200720198311032,-0.03895081956167533,1.0628096194104717,0.014606115684361787,0.06307906335576258,-0.06135839448979349,-0.03912309782772265,-0.038560486137698226,0.06511050003841617,0.05092906900368845,0.04346563250729941
132,-0.12200720198311032,-0.03895081956167533,1.0628096194104717,0.014606115684361787,0.06307906335576258,-0.06135839448979349,-0.03912309782772265,-0.038560486137698226,0.06511050003841617,0.05092906900368845,0.04346563250729941
133,-0.12200720198311032,-0.03895081956167533,1.0628096194104717,0.014606115684361787,0.06307906335576258,-0.06135839448979349,-0.03912309782772265,-0.038560486137698226,0.06511050003841617,0.05092906900368845,0.04346563250729941
134,-0.12200720198311032,-0.03895081956167533,1.0628096194104717,0.014606115684361787,0.06307906335576258,-0.06135839448979349,-0.03912309782772265,-0.038560486137698226,0.06511050003841617,0.05092906900368845,0.04346563250729941
135,-0.12200720198311032,-0.03895081956167533,1.0628096194104717,0.014606115684361787,0.06307906335576258,-0.06135839448979349,-0.03912309782772265,-0.038560486137698226,0.06511050003841617,0.05092906900368845,0.04346563250729941
136,-0.12200720198311032,-0.03895081956167533,1.0628096194104717,0.014606115684361787,0.06307906335576258,-0.06135839448979349,-0.03912309782772265,-0.038560486137698226,0.06511050003841617,0.05092906900368845,0.04346563250729941
137,-0.12200720198311032,-0.03895081956167533,1.0628096194104717,0.014606115684361787,0.06307906335576258,-0.06135839448979349,-0.03912309782772265,-0.038560486137698226,0.06511050003841617,0.05092906900368845,0.04346563250729941
138,-0.12200720198311032,-0.03895081956167533,1.0628096194104717,0.014606115684361787,0.06307906335576258,-0.06135839448979349,-0.03912309782772265,-0.038560486137698226,0.06511050003841617,0.05092906900368845,0.04346563250729941
139,-0.12200720198311032,-0.03895081956167533,1.0628096194104717,0.014606115684361787,0.06307906335576258,-0.06135839448979349,-0.03912309782772265,-0.038560486137698226,0.06511050003841617,0.05092906900368845,0.04346563250729941
140,-0.12200720198311032,-0.03895081956167533,1.0628096194104717,0.014606115684361787,0.06307906335576258,-0.06135839448979349,-0.03912309782772265,-0.038560486137698226,0.06511050003841617,0.05092906900368845,0.04346563250729941
141,-0.12200720198311032,-0.03895081956167533,1.0628096194104717,0.014606115684361787,0.06307906335576258,-0.06135839448979349,-0.03912309782772265,-0.038560486137698226,0.06511050003841617,0.05092906900368845,0.04346563250729941
142,-0.12200720198311032,-0.03895081956167533,1.0628096194104717,0.014606115684361787,0.06307906335576258,-0.06135839448979349,-0.03912309782772265,-0.038560486137698226,0.06511050003841617,0.05092906900368845,0.04346563250729941
143,-0.12200720198311032,-0.03895081956167533,1.0628096194104717,0.014606115684361787,0.06307906335576258,-0.06135839448979349,-0.03912309782772265,-0.038560486137698226,0.06511050003841617,0.05092906900368845,0.04346563250729941
144,-0.12200720198311032,-0.03895081956167533,1.0628096194104717,0.014606115684361787,0.06307906335576258,-0.06135839448979349,-0.03912309782772265,-0.038560486137698226,0.06511050003841617,0.05092906900368845,0.04346563250729941
145,-0.12200720198311032,-0.03895081956167533,1.0628096194104717,0.014606115684361787,0.06307906335576258,-0.06135839448979349,-0.03912309782772265,-0.038560486137698226,0.06511050003841617,0.05092906900368845,0.04346563250729941
146,-0.12200720198311032,-0.03895081956167533,1.0628096194104717,0.014606115684361787,0.06307906335576258,-0.06135839448979349,-0.03912309782772265,-0.038560486137698226,0.06511050003841617,0.05092906900368845,0.04346563250729941
147,-0.12200720198311032,-0.03895081956167533,1.0628096194104717,0.014606115684361787,0.06307906335576258,-0.06135839448979349,-0.03912309782772265,-0.038560486137698226,0.06511050003841617,0.05092906900368845,0.04346563250729941
148,-0.12200720198311032,-0.03895081956167533,1.0628096194104717,0.014606115684361787,0.06307906335576258,-0.06135839448979349,-0.03912309782772265,-0.038560486137698226,0.06511050003841617,0.05092906900368845,0.04346563250729941
149,-0.12200720198311032,-0.03895081956167533,1.0628096194104717,0.014606115684361787,0.06307906335576258,-0.06135839448979349,-0.03912309782772265,-0.038560486137698226,0.06511050003841617,0.05092906900368845,0.04346563250729941
150,-0.12200720198311032,-0.03895081956167533,1.0628096194104717,0.014606115684361787,0.06307906335576258,-0.06135839448979349,-0.03912309782772265,-0.038560486137698226,0.06511050003841617,0.05092906900368845,0.04346563250729941
151,0.3624598950889524,0.042391812845971155,0.031344453435156294,-0.09477564906141699,0.2874097608747061,0.05125462467125399,0.04341738870898644,0.05289582267835356,0.06693603375864834,0.03090772800876917,0.12575812899061958
152,0.3624598950889524,0.042391812845971155,0.031344453435156294,-0.09477564906141699,0.2874097608747061,0.05125462467125399,0.04341738870898644,0.05289582267835356,0.06693603375864834,0.03090772800876917,0.12575812899061958
153,0.3624598950889524,0.042391812845971155,0.031344453435156294,-0.09477564906141699,0.2874097608747061,0.05125462467125399,0.04341738870898644,0.05289582267835356,0.06693603375864834,0.03090772800876917,0.12575812899061958
154,0.3624598950889524,0.042391812845971155,0.031344453435156294,-0.09477564906141699,0.2874097608747061,0.05125462467125399,0.04341738870898644,0.05289582267835356,0.06693603375864834,0.03090772800876917,0.12575812899061958
155,0.3624598950889524,0.042391812845971155,0.031344453435156294,-0.09477564906141699,0.2874097608747061,0.05125462467125399,0.04341738870898644,0.05289582267835356,0.06693603375864834,0.03090772800876917,0.12575812899061958
156,0.3624598950889524,0.042391812845971155,0.031344453435156294,-0.09477564906141699,0.2874097608747061,0.05125462467125399,0.04341738870898644,0.05289582267835356,0.06693603375864834,0.03090772800876917,0.12575812899061958
157,0.3624598950889524,0.042391812845971155,0.031344453435156294,-0.09477564906141699,0.2874097608747061,0.05125462467125399,0.04341738870898644,0.05289582267835356,0.06693603375864834,0.03090772800876917,0.12575812899061958
158,0.3624598950889524,0.042391812845971155,0.031344453435156294,-0.09477564906141699,0.2874097608747061,0.05125462467125399,0.04341738870898644,0.05289582267835356,0.06693603375864834,0.03090772800876917,0.12575812899061958
159,0.3624598950889524,0.042391812845971155,0.031344453435156294,-0.09477564906141699,0.2874097608747061,0.05125462467125399,0.04341738870898644,0.05289582267835356,0.06693603375864834,0.03090772800876917,0.12575812899061958
160,0.3624598950889524,0.042391812845971155,0.031344453435156294,-0.09477564906141699,0.2874097608747061,0.05125462467125399,0.04341738870898644,0.05289582267835356,0.06693603375864834,0.03090772800876917,0.12575812899061958
161,0.3624598950889524,0.042391812845971155,0.031344453435156294,-0.09477564906141699,0.2874097608747061,0.05125462467125399,0.04341738870898644,0.05289582267835356,0.06693603375864834,0.03090772800876917,0.12575812899061958
162,0.3624598950889524,0.042391812845971155,0.031344453435156294,-0.09477564906141699,0.2874097608747061,0.05125462467125399,0.04341738870898644,0.05289582267835356,0.06693603375864834,0.03090772800876917,0.12575812899061958
163,0.3624598950889524,0.042391812845971155,0.031344453435156294,-0.09477564906141699,0.2874097608747061,0.05125462467125399,0.04341738870898644,0.05289582267835356,0.06693603375864834,0.03090772800876917,0.12575812899061958
164,0.3624598950889524,0.042391812845971155,0.031344453435156294,-0.09477564906141699,0.2874097608747061,0.05125462467125399,0.04341738870898644,0.05289582267835356,0.06693603375864834,0.03090772800876917,0.12575812899061958
165,0.3624598950889524,0.042391812845971155,0.031344453435156294,-0.09477564906141699,0.2874097608747061,0.05125462467125399,0.04341738870898644,0.05289582267835356,0.06693603375864834,0.03090772800876917,0.12575812899061958
166,0.3624598950889524,0.042391812845971155,0.031344453435156294,-0.09477564906141699,0.2874097608747061,0.05125462467125399,0.04341738870898644,0.05289582267835356,0.06693603375864834,0.03090772800876917,0.12575812899061958
167,0.3624598950889524,0.042391812845971155,0.031344453435156294,-0.09477564906141699,0.2874097608747061,0.05125462467125399,0.04341738870898644,0.05289582267835356,0.06693603375864834,0.03090772800876917,0.12575812899061958
168,0.3624598950889524,0.042391812845971155,0.031344453435156294,-0.09477564906141699,0.2874097608747061,0.05125462467125399,0.04341738870898644,0.05289582267835356,0.06693603375864834,0.03090772800876917,0.12575812899061958
169,0.3624598950889524,0.042391812845971155,0.031344453435156294,-0.09477564906141699,0.2874097608747061,0.05125462467125399,0.04341738870898644,0.05289582267835356,0.06693603375864834,0.03090772800876917,0.12575812899061958
170,0.3624598950889524,0.042391812845971155,0.031344453435156294,-0.09477564906141699,0.2874097608747061,0.05125462467125399,0.04341738870898644,0.05289582267835356,0.06693603375864834,0.03090772800876917,0.12575812899061958
171,0.3624598950889524,0.042391812845971155,0.031344453435156294,-0.09477564906141699,0.2874097608747061,0.05125462467125399,0.04341738870898644,0.05289582267835356,0.06693603375864834,0.03090772800876917,0.12575812899061958
172,0.3624598950889524,0.042391812845971155,0.031344453435156294,-0.09477564906141699,0.2874097608747061,0.05125462467125399,0.04341738870898644,0.05289582267835356,0.06693603375864834,0.03090772800876917,0.12575812899061958
173,0.3624598950889524,0.042391812845971155,0.031344453435156294,-0.09477564906141699,0.2874097608747061,0.05125462467125399,0.04341738870898644,0.05289582267835356,0.06693603375864834,0.03090772800876917,0.12575812899061958
174,0.3624598950889524,0.042391812845971155,0.031344453435156294,-0.09477564906141699,0.2874097608747061,0.05125462467125399,0.04341738870898644,0.05289582267835356,0.06693603375864834,0.03090772800876917,0.12575812899061958
175,0.3624598950889524,0.042391812845971155,0.031344453435156294,-0.09477564906141699,0.2874097608747061,0.05125462467125399,0.04341738870898644,0.05289582267835356,0.06693603375864834,0.03090772800876917,0.12575812899061958
176,0.3624598950889524,0.042391812845971155,0.031344453435156294,-0.09477564906141699,0.2874097608747061,0.05125462467125399,0.04341738870898644,0.05289582267835356,0.06693603375864834,0.03090772800876917,0.12575812899061958
177,0.3624598950889524,0.042391812845971155,0.031344453435156294,-0.09477564906141699,0.2874097608747061,0.05125462467125399,0.04341738870898644,0.05289582267835356,0.06693603375864834,0.03090772800876917,0.12575812899061958
178,0.3624598950889524,0.042391812845971155,0.031344453435156294,-0.09477564906141699,0.2874097608747061,0.05125462467125399,0.04341738870898644,0.05289582267835356,0.06693603375864834,0.03090772800876917,0.12575812899061958
179,0.3624598950889524,0.042391812845971155,0.031344453435156294,-0.09477564906141699,0.2874097608747061,0.05125462467125399,0.04341738870898644,0.05289582267835356,0.06693603375864834,0.03090772800876917,0.12575812899061958
180,0.3624598950889524,0.042391812845971155,0.031344453435156294,-0.09477564906141699,0.2874097608747061,0.05125462467125399,0.04341738870898644,0.05289582267835356,0.06693603375864834,0.03090772800876917,0.12575812899061958
181,0.10493485167180261,0.11817894454298142,0.50439940735326,-0.06877815548122616,-0.20498296568295732,0.09429002102234987,0.0647674813032971,0.029146763701213465,0.06285470217586717,0.3214278282292285,-0.0262388788358165
182,0.10493485167180261,0.11817894454298142,0.50439940735326,-0.06877815548122616,-0.20498296568295732,0.09429002102234987,0.0647674813032971,0.029146763701213465,0.06285470217586717,0.3214278282292285,-0.0262388788358165
183,0.10493485167180261,0.11817894454298142,0.50439940735326,-0.06877815548122616,-0.20498296568295732,0.09429002102234987,0.0647674813032971,0.029146763701213465,0.06285470217586717,0.3214278282292285,-0.0262388788358165
184,0.10493485167180261,0.11817894454298142,0.50439940735326,-0.06877815548122616,-0.20498296568295732,0.09429002102234987,0.0647674813032971,0.029146763701213465,0.06285470217586717,0.3214278282292285,-0.0262388788358165
185,0.10493485167180261,0.11817894454298142,0.50439940735326,-0.06877815548122616,-0.20498296568295732,0.09429002102234987,0.0647674813032971,0.029146763701213465,0.06285470217586717,0.3214278282292285,-0.0262388788358165
186,0.10493485167180261,0.11817894454298142,0.50439940735326,-0.06877815548122616,-0.20498296568295732,0.09429002102234987,0.0647674813032971,0.029146763701213465,0.06285470217586717,0.3214278282292285,-0.0262388788358165
187,0.10493485167180261,0.11817894454298142,0.50439940735326,-0.06877815548122616,-0.20498296568295732,0.09429002102234987,0.0647674813032971,0.029146763701213465,0.06285470217586717,0.3214278282292285,-0.0262388788358165
188,0.10493485167180261,0.11817894454298142,0.50439940735326,-0.06877815548122616,-0.20498296568295732,0.09429002102234987,0.0647674813032971,0.029146763701213465,0.06285470217586717,0.3214278282292285,-0.0262388788358165
189,0.10493485167180261,0.11817894454298142,0.50439940735326,-0.06877815548122616,-0.20498296568295732,0.09429002102234987,0.0647674813032971,0.029146763701213465,0.06285470217586717,0.3214278282292285,-0.0262388788358165
190,0.10493485167180261,0.11817894454298142,0.50439940735326,-0.06877815548122616,-0.20498296568295732,0.09429002102234987,0.0647674813032971,0.029146763701213465,0.06285470217586717,0.3214278282292285,-0.0262388788358165
191,0.10493485167180261,0.11817894454298142,0.50439940735326,-0.06877815548122616,-0.20498296568295732,0.09429002102234987,0.0647674813032971,0.029146763701213465,0.06285470217586717,0.3214278282292285,-0.0262388788358165
192,0.10493485167180261,0.11817894454298142,0.50439940735326,-0.06877815548122616,-0.20498296568295732,0.09429002102234987,0.0647674813032971,0.029146763701213465,0.06285470217586717,0.3214278282292285,-0.0262388788358165
193,0.10493485167180261,0.11817894454298142,0.50439940735326,-0.06877815548122616,-0.20498296568295732,0.09429002102234987,0.0647674813032971,0.029146763701213465,0.06285470217586717,0.3214278282292285,-0.0262388788358165
194,0.10493485167180261,0.11817894454298142,0.50439940735326,-0.06877815548122616,-0.20498296568295732,0.09429002102234987,0.0647674813032971,0.029146763701213465,0.06285470217586717,0.3214278282292285,-0.0262388788358165
195,0.10493485167180261,0.11817894454298142,0.50439940735326,-0.06877815548122616,-0.20498296568295732,0.09429002102234987,0.0647674813032971,0.029146763701213465,0.06285470217586717,0.3214278282292285,-0.0262388788358165
196,0.10493485167180261,0.11817894454298142,0.50439940735326,-0.06877815548122616,-0.20498296568295732,0.09429002102234987,0.0647674813032971,0.029146763701213465,0.06285470217586717,0.3214278282292285,-0.0262388788358165
197,0.10493485167180261,0.11817894454298142,0.50439940735326,-0.06877815548122616,-0.20498296568295732,0.09429002102234987,0.0647674813032971,0.029146763701213465,0.06285470217586717,0.3214278282292285,-0.0262388788358165
198,0.10493485167180261,0.11817894454298142,0.50439940735326,-0.06877815548122616,-0.20498296568295732,0.09429002102234987,0.0647674813032971,0.029146763701213465,0.06285470217586717,0.3214278282292285,-0.0262388788358165
199,0.10493485167180261,0.11817894454298142,0.50439940735326,-0.06877815548122616,-0.20498296568295732,0.09429002102234987,0.0647674813032971,0.029146763701213465,0.06285470217586717,0.3214278282292285,-0.0262388788358165
200,0.10493485167180261,0.11817894454298142,0.50439940735326,-0.06877815548122616,-0.20498296568295732,0.09429002102234987,0.0647674813032971,0.029146763701213465,0.06285470217586717,0.3214278282292285,-0.0262388788358165
201,0.10493485167180261,0.11817894454298142,0.50439940735326,-0.06877815548122616,-0.20498296568295732,0.09429002102234987,0.0647674813032971,0.029146763701213465,0.06285470217586717,0.3214278282292285,-0.0262388788358165
202,0.10493485167180261,0.11817894454298142,0.50439940735326,-0.06877815548122616,-0.20498296568295732,0.09429002102234987,0.0647674813032971,0.029146763701213465,0.06285470217586717,0.3214278282292285,-0.0262388788358165
203,0.10493485167180261,0.11817894454298142,0.50439940735326,-0.06877815548122616,-0.20498296568295732,0.09429002102234987,0.0647674813032971,0.029146763701213465,0.06285470217586717,0.3214278282292285,-0.0262388788358165
204,0.10493485167180261,0.11817894454298142,0.50439940735326,-0.06877815548122616,-0.20498296568295732,0.09429002102234987,0.0647674813032971,0.029146763701213465,0.06285470217586717,0.3214278282292285,-0.0262388788358165
205,0.10493485167180261,0.11817894454298142,0.50439940735326,-0.06877815548122616,-0.20498296568295732,0.09429002102234987,0.0647674813032971,0.029146763701213465,0.06285470217586717,0.3214278282292285,-0.0262388788358165
206,0.10493485167180261,0.11817894454298142,0.50439940735326,-0.06877815548122616,-0.20498296568295732,0.09429002102234987,0.0647674813032971,0.029146763701213465,0.06285470217586717,0.3214278282292285,-0.0262388788358165
207,0.10493485167180261,0.11817894454298142,0.50439940735326,-0.06877815548122616,-0.20498296568295732,0.09429002102234987,0.0647674813032971,0.029146763701213465,0.06285470217586717,0.3214278282292285,-0.0262388788358165
208,0.10493485167180261,0.11817894454298142,0.50439940735326,-0.06877815548122616,-0.20498296568295732,0.09429002102234987,0.0647674813032971,0.029146763701213465,0.06285470217586717,0.3214278282292285,-0.0262388788358165
209,0.10493485167180261,0.11817894454298142,0.50439940735326,-0.06877815548122616,-0.20498296568295732,0.09429002102234987,0.0647674813032971,0.029146763701213465,0.06285470217586717,0.3214278282292285,-0.0262388788358165
210,0.10493485167180261,0.11817894454298142,0.50439940735326,-0.06877815548122616,-0.20498296568295732,0.09429002102234987,0.0647674813032971,0.029146763701213465,0.06285470217586717,0.3214278282292285,-0.0262388788358165
211,0.10493485167180261,0.11817894454298142,0.50439940735326,-0.06877815548122616,-0.20498296568295732,0.09429002102234987,0.0647674813032971,0.029146763701213465,0.06285470217586717,0.3214278282292285,-0.0262388788358165
212,0.08616076478479955,0.059215689977187645,0.2626280805834484,0.08982080990148252,0.08431891100642563,0.09455317679285855,0.11021575212319701,0.0697532772725538,0.1233976860075162,0.1306574407499277,-0.1107215891993971
213,0.08616076478479955,0.059215689977187645,0.2626280805834484,0.08982080990148252,0.08431891100642563,0.09455317679285855,0.11021575212319701,0.0697532772725538,0.1233976860075162,0.1306574407499277,-0.1107215891993971
214,0.08616076478479955,0.059215689977187645,0.2626280805834484,0.08982080990148252,0.08431891100642563,0.09455317679285855,0.11021575212319701,0.0697532772725538,0.1233976860075162,0.1306574407499277,-0.1107215891993971
215,0.08616076478479955,0.059215689977187645,0.2626280805834484,0.08982080990148252,0.08431891100642563,0.09455317679285855,0.11021575212319701,0.0697532772725538,0.1233976860075162,0.1306574407499277,-0.1107215891993971
216,0.08616076478479955,0.059215689977187645,0.2626280805834484,0.08982080990148252,0.08431891100642563,0.09455317679285855,0.11021575212319701,0.0697532772725538,0.1233976860075162,0.1306574407499277,-0.1107215891993971
217,0.08616076478479955,0.059215689977187645,0.2626280805834484,0.08982080990148252,0.08431891100642563,0.09455317679285855,0.11021575212319701,0.0697532772725538,0.1233976860075162,0.1306574407499277,-0.1107215891993971
218,0.08616076478479955,0.059215689977187645,0.2626280805834484,0.08982080990148252,0.08431891100642563,0.09455317679285855,0.11021575212319701,0.0697532772725538,0.1233976860075162,0.1306574407499277,-0.1107215891993971
219,0.08616076478479955,0.059215689977187645,0.2626280805834484,0.08982080990148252,0.08431891100642563,0.09455317679285855,0.11021575212319701,0.0697532772725538,0.1233976860075162,0.1306574407499277,-0.1107215891993971
220,0.08616076478479955,0.059215689977187645,0.2626280805834484,0.08982080990148252,0.08431891100642563,0.09455317679285855,0.11021575212319701,0.0697532772725538,0.1233976860075162,0.1306574407499277,-0.1107215891993971
221,0.08616076478479955,0.059215689977187645,0.2626280805834484,0.08982080990148252,0.08431891100642563,0.09455317679285855,0.11021575212319701,0.0697532772725538,0.1233976860075162,0.1306574407499277,-0.1107215891993971
222,0.08616076478479955,0.059215689977187645,0.2626280805834484,0.08982080990148252,0.08431891100642563,0.09455317679285855,0.11021575212319701,0.0697532772725538,0.1233976860075162,0.1306574407499277,-0.1107215891993971
223,0.08616076478479955,0.059215689977187645,0.2626280805834484,0.08982080990148252,0.08431891100642563,0.09455317679285855,0.11021575212319701,0.0697532772725538,0.1233976860075162,0.1306574407499277,-0.1107215891993971
224,0.08616076478479955,0.059215689977187645,0.2626280805834484,0.08982080990148252,0.08431891100642563,0.09455317679285855,0.11021575212319701,0.0697532772725538,0.1233976860075162,0.1306574407499277,-0.1107215891993971
225,0.08616076478479955,0.059215689977187645,0.2626280805834484,0.08982080990148252,0.08431891100642563,0.09455317679285855,0.11021575212319701,0.0697532772725538,0.1233976860075162,0.1306574407499277,-0.1107215891993971
226,0.08616076478479955,0.059215689977187645,0.2626280805834484,0.08982080990148252,0.08431891100642563,0.09455317679285855,0.11021575212319701,0.0697532772725538,0.1233976860075162,0.1306574407499277,-0.1107215891993971
227,0.08616076478479955,0.059215689977187645,0.2626280805834484,0.08982080990148252,0.08431891100642563,0.09455317679285855,0.11021575212319701,0.0697532772725538,0.1233976860075162,0.1306574407499277,-0.1107215891993971
228,0.08616076478479955,0.059215689977187645,0.2626280805834484,0.08982080990148252,0.08431891100642563,0.09455317679285855,0.11021575212319701,0.0697532772725538,0.1233976860075162,0.1306574407499277,-0.1107215891993971
229,0.08616076478479955,0.059215689977187645,0.2626280805834484,0.08982080990148252,0.08431891100642563,0.09455317679285855,0.11021575212319701,0.0697532772725538,0.1233976860075162,0.1306574407499277,-0.1107215891993971
230,0.08616076478479955,0.059215689977187645,0.2626280805834484,0.08982080990148252,0.08431891100642563,0.09455317679285855,0.11021575212319701,0.0697532772725538,0.1233976860075162,0.1306574407499277,-0.1107215891993971
231,0.08616076478479955,0.059215689977187645,0.2626280805834484,0.08982080990148252,0.08431891100642563,0.09455317679285855,0.11021575212319701,0.0697532772725538,0.1233976860075162,0.1306574407499277,-0.1107215891993971
232,0.08616076478479955,0.059215689977187645,0.2626280805834484,0.08982080990148252,0.08431891100642563,0.09455317679285855,0.11021575212319701,0.0697532772725538,0.1233976860075162,0.1306574407499277,-0.1107215891993971
233,0.08616076478479955,0.059215689977187645,0.2626280805834484,0.08982080990148252,0.08431891100642563,0.09455317679285855,0.11021575212319701,0.0697532772725538,0.1233976860075162,0.1306574407499277,-0.1107215891993971
234,0.08616076478479955,0.059215689977187645,0.2626280805834484,0.08982080990148252,0.08431891100642563,0.09455317679285855,0.11021575212319701,0.0697532772725538,0.1233976860075162,0.1306574407499277,-0.1107215891993971
235,0.08616076478479955,0.059215689977187645,0.2626280805834484,0.08982080990148252,0.08431891100642563,0.09455317679285855,0.11021575212319701,0.0697532772725538,0.1233976860075162,0.1306574407499277,-0.1107215891993971
236,0.08616076478479955,0.059215689977187645,0.2626280805834484,0.08982080990148252,0.08431891100642563,0.09455317679285855,0.11021575212319701,0.0697532772725538,0.1233976860075162,0.1306574407499277,-0.1107215891993971
237,0.08616076478479955,0.059215689977187645,0.2626280805834484,0.08982080990148252,0.08431891100642563,0.09455317679285855,0.11021575212319701,0.0697532772725538,0.1233976860075162,0.1306574407499277,-0.1107215891993971
238,0.08616076478479955,0.059215689977187645,0.2626280805834484,0.08982080990148252,0.08431891100642563,0.09455317679285855,0.11021575212319701,0.0697532772725538,0.1233976860075162,0.1306574407499277,-0.1107215891993971
239,0.08616076478479955,0.059215689977187645,0.2626280805834484,0.08982080990148252,0.08431891100642563,0.09455317679285855,0.11021575212319701,0.0697532772725538,0.1233976860075162,0.1306574407499277,-0.1107215891993971
240,0.08616076478479955,0.059215689977187645,0.2626280805834484,0.08982080990148252,0.08431891100642563,0.09455317679285855,0.11021575212319701,0.0697532772725538,0.1233976860075162,0.1306574407499277,-0.1107215891993971
241,0.08616076478479955,0.059215689977187645,0.2626280805834484,0.08982080990148252,0.08431891100642563,0.09455317679285855,0.11021575212319701,0.0697532772725538,0.1233976860075162,0.1306574407499277,-0.1107215891993971
242,0.08616076478479955,0.059215689977187645,0.2626280805834484,0.08982080990148252,0.08431891100642563,0.09455317679285855,0.11021575212319701,0.0697532772725538,0.1233976860075162,0.1306574407499277,-0.1107215891993971
243,3.9630723429688193e-07,0.04704761740658768,0.02845987393874647,0.11660156328750026,-0.015814473276489775,0.04648492157369766,-0.1807532647517976,0.047928765216687534,0.08015243843210225,-0.10343226197171256,0.9333244238374436
244,3.9630723429688193e-07,0.04704761740658768,0.02845987393874647,0.11660156328750026,-0.015814473276489775,0.04648492157369766,-0.1807532647517976,0.047928765216687534,0.08015243843210225,-0.10343226197171256,0.9333244238374436
245,3.9630723429688193e-07,0.04704761740658768,0.02845987393874647,0.11660156328750026,-0.015814473276489775,0.04648492157369766,-0.1807532647517976,0.047928765216687534,0.08015243843210225,-0.10343226197171256,0.9333244238374436
246,3.9630723429688193e-07,0.04704761740658768,0.02845987393874647,0.11660156328750026,-0.015814473276489775,0.04648492157369766,-0.1807532647517976,0.047928765216687534,0.08015243843210225,-0.10343226197171256,0.9333244238374436
247,3.9630723429688193e-07,0.04704761740658768,0.02845987393874647,0.11660156328750026,-0.015814473276489775,0.04648492157369766,-0.1807532647517976,0.047928765216687534,0.08015243843210225,-0.10343226197171256,0.9333244238374436
248,3.9630723429688193e-07,0.04704761740658768,0.02845987393874647,0.11660156328750026,-0.015814473276489775,0.04648492157369766,-0.1807532647517976,0.047928765216687534,0.08015243843210225,-0.10343226197171256,0.9333244238374436
249,3.9630723429688193e-07,0.04704761740658768,0.02845987393874647,0.11660156328750026,-0.015814473276489775,0.04648492157369766,-0.1807532647517976,0.047928765216687534,0.08015243843210225,-0.10343226197171256,0.9333244238374436
250,3.9630723429688193e-07,0.04704761740658768,0.02845987393874647,0.11660156328750026,-0.015814473276489775,0.04648492157369766,-0.1807532647517976,0.047928765216687534,0.08015243843210225,-0.10343226197171256,0.9333244238374436
251,3.9630723429688193e-07,0.04704761740658768,0.02845987393874647,0.11660156328750026,-0.015814473276489775,0.04648492157369766,-0.1807532647517976,0.047928765216687534,0.08015243843210225,-0.10343226197171256,0.9333244238374436
252,3.9630723429688193e-07,0.04704761740658768,0.02845987393874647,0.11660156328750026,-0.015814473276489775,0.04648492157369766,-0.1807532647517976,0.047928765216687534,0.08015243843210225,-0.10343226197171256,0.9333244238374436
253,3.9630723429688193e-07,0.04704761740658768,0.02845987393874647,0.11660156328750026,-0.015814473276489775,0.04648492157369766,-0.1807532647517976,0.047928765216687534,0.08015243843210225,-0.10343226197171256,0.9333244238374436
254,3.9630723429688193e-07,0.04704761740658768,0.02845987393874647,0.11660156328750026,-0.015814473276489775,0.04648492157369766,-0.1807532647517976,0.047928765216687534,0.08015243843210225,-0.10343226197171256,0.9333244238374436
255,3.9630723429688193e-07,0.04704761740658768,0.02845987393874647,0.11660156328750026,-0.015814473276489775,0.04648492157369766,-0.1807532647517976,0.047928765216687534,0.08015243843210225,-0.10343226197171256,0.9333244238374436
256,3.9630723429688193e-07,0.04704761740658768,0.02845987393874647,0.11660156328750026,-0.015814473276489775,0.04648492157369766,-0.1807532647517976,0.047928765216687534,0.08015243843210225,-0.10343226197171256,0.9333244238374436
257,3.9630723429688193e-07,0.04704761740658768,0.02845987393874647,0.11660156328750026,-0.015814473276489775,0.04648492157369766,-0.1807532647517976,0.047928765216687534,0.08015243843210225,-0.10343226197171256,0.9333244238374436
258,3.9630723429688193e-07,0.04704761740658768,0.02845987393874647,0.11660156328750026,-0.015814473276489775,0.04648492157369766,-0.1807532647517976,0.047928765216687534,0.08015243843210225,-0.10343226197171256,0.9333244238374436
259,3.9630723429688193e-07,0.04704761740658768,0.02845987393874647,0.11660156328750026,-0.015814473276489775,0.04648492157369766,-0.1807532647517976,0.047928765216687534,0.08015243843210225,-0.10343226197171256,0.9333244238374436
260,3.9630723429688193e-07,0.04704761740658768,0.02845987393874647,0.11660156328750026,-0.015814473276489775,0.04648492157369766,-0.1807532647517976,0.047928765216687534,0.08015243843210225,-0.10343226197171256,0.9333244238374436
261,3.9630723429688193e-07,0.04704761740658768,0.02845987393874647,0.11660156328750026,-0.015814473276489775,0.04648492157369766,-0.1807532647517976,0.047928765216687534,0.08015243843210225,-0.10343226197171256,0.9333244238374436
262,3.9630723429688193e-07,0.04704761740658768,0.02845987393874647,0.11660156328750026,-0.015814473276489775,0.04648492157369766,-0.1807532647517976,0.047928765216687534,0.08015243843210225,-0.10343226197171256,0.9333244238374436
263,3.9630723429688193e-07,0.04704761740658768,0.02845987393874647,0.11660156328750026,-0.015814473276489775,0.04648492157369766,-0.1807532647517976,0.047928765216687534,0.08015243843210225,-0.10343226197171256,0.9333244238374436
264,3.9630723429688193e-07,0.04704761740658768,0.02845987393874647,0.11660156328750026,-0.015814473276489775,0.04648492157369766,-0.1807532647517976,0.047928765216687534,0.08015243843210225,-0.10343226197171256,0.9333244238374436
265,3.9630723429688193e-07,0.04704761740658768,0.02845987393874647,0.11660156328750026,-0.015814473276489775,0.04648492157369766,-0.1807532647517976,0.047928765216687534,0.08015243843210225,-0.10343226197171256,0.9333244238374436
266,3.9630723429688193e-07,0.04704761740658768,0.02845987393874647,0.11660156328750026,-0.015814473276489775,0.04648492157369766,-0.1807532647517976,0.047928765216687534,0.08015243843210225,-0.10343226197171256,0.9333244238374436
267,3.9630723429688193e-07,0.04704761740658768,0.02845987393874647,0.11660156328750026,-0.015814473276489775,0.04648492157369766,-0.1807532647517976,0.047928765216687534,0.08015243843210225,-0.10343226197171256,0.9333244238374436
268,3.9630723429688193e-07,0.04704761740658768,0.02845987393874647,0.11660156328750026,-0.015814473276489775,0.04648492157369766,-0.1807532647517976,0.047928765216687534,0.08015243843210225,-0.10343226197171256,0.9333244238374436
269,3.9630723429688193e-07,0.04704761740658768,0.02845987393874647,0.11660156328750026,-0.015814473276489775,0.04648492157369766,-0.1807532647517976,0.047928765216687534,0.08015243843210225,-0.10343226197171256,0.9333244238374436
270,3.9630723429688193e-07,0.04704761740658768,0.02845987393874647,0.11660156328750026,-0.015814473276489775,0.04648492157369766,-0.1807532647517976,0.047928765216687534,0.08015243843210225,-0.10343226197171256,0.9333244238374436
271,3.9630723429688193e-07,0.04704761740658768,0.02845987393874647,0.11660156328750026,-0.015814473276489775,0.04648492157369766,-0.1807532647517976,0.047928765216687534,0.08015243843210225,-0.10343226197171256,0.9333244238374436
272,3.9630723429688193e-07,0.04704761740658768,0.02845987393874647,0.11660156328750026,-0.015814473276489775,0.04648492157369766,-0.1807532647517976,0.047928765216687534,0.08015243843210225,-0.10343226197171256,0.9333244238374436
273,0.013911666837662989,0.02729998083816203,0.03168434511910431,0.03128310110015196,-0.07166715481356731,0.023904804190443617,-0.01794037974603173,0.023699142433485275,-0.05408401585645101,-0.08010765775299102,1.0720161676500308
274,0.013911666837662989,0.02729998083816203,0.03168434511910431,0.03128310110015196,-0.07166715481356731,0.023904804190443617,-0.01794037974603173,0.023699142433485275,-0.05408401585645101,-0.08010765775299102,1.0720161676500308
275,0.013911666837662989,0.02729998083816203,0.03168434511910431,0.03128310110015196,-0.07166715481356731,0.023904804190443617,-0.01794037974603173,0.023699142433485275,-0.05408401585645101,-0.08010765775299102,1.0720161676500308
276,0.013911666837662989,0.02729998083816203,0.03168434511910431,0.03128310110015196,-0.07166715481356731,0.023904804190443617,-0.01794037974603173,0.023699142433485275,-0.05408401585645101,-0.08010765775299102,1.0720161676500308
277,0.013911666837662989,0.02729998083816203,0.03168434511910431,0.03128310110015196,-0.07166715481356731,0.023904804190443617,-0.01794037974603173,0.023699142433485275,-0.05408401585645101,-0.08010765775299102,1.0720161676500308
278,0.013911666837662989,0.02729998083816203,0.03168434511910431,0.03128310110015196,-0.07166715481356731,0.023904804190443617,-0.01794037974603173,0.023699142433485275,-0.05408401585645101,-0.08010765775299102,1.0720161676500308
279,0.013911666837662989,0.02729998083816203,0.03168434511910431,0.03128310110015196,-0.07166715481356731,0.023904804190443617,-0.01794037974603173,0.023699142433485275,-0.05408401585645101,-0.08010765775299102,1.0720161676500308
280,0.013911666837662989,0.02729998083816203,0.03168434511910431,0.03128310110015196,-0.07166715481356731,0.023904804190443617,-0.01794037974603173,0.023699142433485275,-0.05408401585645101,-0.08010765775299102,1.0720161676500308
281,0.013911666837662989,0.02729998083816203,0.03168434511910431,0.03128310110015196,-0.07166715481356731,0.023904804190443617,-0.01794037974603173,0.023699142433485275,-0.05408401585645101,-0.08010765775299102,1.0720161676500308
282,0.013911666837662989,0.02729998083816203,0.03168434511910431,0.03128310110015196,-0.07166715481356731,0.023904804190443617,-0.01794037974603173,0.023699142433485275,-0.05408401585645101,-0.08010765775299102,1.0720161676500308
283,0.013911666837662989,0.02729998083816203,0.03168434511910431,0.03128310110015196,-0.07166715481356731,0.023904804190443617,-0.01794037974603173,0.023699142433485275,-0.05408401585645101,-0.08010765775299102,1.0720161676500308
284,0.013911666837662989,0.02729998083816203,0.03168434511910431,0.03128310110015196,-0.07166715481356731,0.023904804190443617,-0.01794037974603173,0.023699142433485275,-0.05408401585645101,-0.08010765775299102,1.0720161676500308
285,0.013911666837662989,0.02729998083816203,0.03168434511910431,0.03128310110015196,-0.07166715481356731,0.023904804190443617,-0.01794037974603173,0.023699142433485275,-0.05408401585645101,-0.08010765775299102,1.0720161676500308
286,0.013911666837662989,0.02729998083816203,0.03168434511910431,0.03128310110015196,-0.07166715481356731,0.023904804190443617,-0.01794037974603173,0.023699142433485275,-0.05408401585645101,-0.08010765775299102,1.0720161676500308
287,0.013911666837662989,0.02729998083816203,0.03168434511910431,0.03128310110015196,-0.07166715481356731,0.023904804190443617,-0.01794037974603173,0.023699142433485275,-0.05408401585645101,-0.08010765775299102,1.0720161676500308
288,0.013911666837662989,0.02729998083816203,0.03168434511910431,0.03128310110015196,-0.07166715481356731,0.023904804190443617,-0.01794037974603173,0.023699142433485275,-0.05408401585645101,-0.08010765775299102,1.0720161676500308
289,0.013911666837662989,0.02729998083816203,0.03168434511910431,0.03128310110015196,-0.07166715481356731,0.023904804190443617,-0.01794037974603173,0.023699142433485275,-0.05408401585645101,-0.08010765775299102,1.0720161676500308
290,0.013911666837662989,0.02729998083816203,0.03168434511910431,0.03128310110015196,-0.07166715481356731,0.023904804190443617,-0.01794037974603173,0.023699142433485275,-0.05408401585645101,-0.08010765775299102,1.0720161676500308
291,0.013911666837662989,0.02729998083816203,0.03168434511910431,0.03128310110015196,-0.07166715481356731,0.023904804190443617,-0.01794037974603173,0.023699142433485275,-0.05408401585645101,-0.08010765775299102,1.0720161676500308
292,0.013911666837662989,0.02729998083816203,0.03168434511910431,0.03128310110015196,-0.07166715481356731,0.023904804190443617,-0.01794037974603173,0.023699142433485275,-0.05408401585645101,-0.08010765775299102,1.0720161676500308
293,0.013911666837662989,0.02729998083816203,0.03168434511910431,0.03128310110015196,-0.07166715481356731,0.023904804190443617,-0.01794037974603173,0.023699142433485275,-0.05408401585645101,-0.08010765775299102,1.0720161676500308
294,0.013911666837662989,0.02729998083816203,0.03168434511910431,0.03128310110015196,-0.07166715481356731,0.023904804190443617,-0.01794037974603173,0.023699142433485275,-0.05408401585645101,-0.08010765775299102,1.0720161676500308
295,0.013911666837662989,0.02729998083816203,0.03168434511910431,0.03128310110015196,-0.07166715481356731,0.023904804190443617,-0.01794037974603173,0.023699142433485275,-0.05408401585645101,-0.08010765775299102,1.0720161676500308
296,0.013911666837662989,0.02729998083816203,0.03168434511910431,0.03128310110015196,-0.07166715481356731,0.023904804190443617,-0.01794037974603173,0.023699142433485275,-0.05408401585645101,-0.08010765775299102,1.0720161676500308
297,0.013911666837662989,0.02729998083816203,0.03168434511910431,0.03128310110015196,-0.07166715481356731,0.023904804190443617,-0.01794037974603173,0.023699142433485275,-0.05408401585645101,-0.08010765775299102,1.0720161676500308
298,0.013911666837662989,0.02729998083816203,0.03168434511910431,0.03128310110015196,-0.07166715481356731,0.023904804190443617,-0.01794037974603173,0.023699142433485275,-0.05408401585645101,-0.08010765775299102,1.0720161676500308
299,0.013911666837662989,0.02729998083816203,0.03168434511910431,0.03128310110015196,-0.07166715481356731,0.023904804190443617,-0.01794037974603173,0.023699142433485275,-0.05408401585645101,-0.08010765775299102,1.0720161676500308
300,0.013911666837662989,0.02729998083816203,0.03168434511910431,0.03128310110015196,-0.07166715481356731,0.023904804190443617,-0.01794037974603173,0.023699142433485275,-0.05408401585645101,-0.08010765775299102,1.0720161676500308
301,0.013911666837662989,0.02729998083816203,0.03168434511910431,0.03128310110015196,-0.07166715481356731,0.023904804190443617,-0.01794037974603173,0.023699142433485275,-0.05408401585645101,-0.08010765775299102,1.0720161676500308
302,0.013911666837662989,0.02729998083816203,0.03168434511910431,0.03128310110015196,-0.07166715481356731,0.023904804190443617,-0.01794037974603173,0.023699142433485275,-0.05408401585645101,-0.08010765775299102,1.0720161676500308
303,0.013911666837662989,0.02729998083816203,0.03168434511910431,0.03128310110015196,-0.07166715481356731,0.023904804190443617,-0.01794037974603173,0.023699142433485275,-0.05408401585645101,-0.08010765775299102,1.0720161676500308
304,0.31492099727015727,-0.1498414884252779,0.4120561235173771,-0.09422548747067226,0.35168669103567196,0.04217009960707135,-0.05593302410404984,0.06192484978851121,0.08167810824898479,0.02043633991876093,0.015126790613465314
305,0.31492099727015727,-0.1498414884252779,0.4120561235173771,-0.09422548747067226,0.35168669103567196,0.04217009960707135,-0.05593302410404984,0.06192484978851121,0.08167810824898479,0.02043633991876093,0.015126790613465314
306,0.31492099727015727,-0.1498414884252779,0.4120561235173771,-0.09422548747067226,0.35168669103567196,0.04217009960707135,-0.05593302410404984,0.06192484978851121,0.08167810824898479,0.02043633991876093,0.015126790613465314
307,0.31492099727015727,-0.1498414884252779,0.4120561235173771,-0.09422548747067226,0.35168669103567196,0.04217009960707135,-0.05593302410404984,0.06192484978851121,0.08167810824898479,0.02043633991876093,0.015126790613465314
308,0.31492099727015727,-0.1498414884252779,0.4120561235173771,-0.09422548747067226,0.35168669103567196,0.04217009960707135,-0.05593302410404984,0.06192484978851121,0.08167810824898479,0.02043633991876093,0.015126790613465314
309,0.31492099727015727,-0.1498414884252779,0.4120561235173771,-0.09422548747067226,0.35168669103567196,0.04217009960707135,-0.05593302410404984,0.06192484978851121,0.08167810824898479,0.02043633991876093,0.015126790613465314
310,0.31492099727015727,-0.1498414884252779,0.4120561235173771,-0.09422548747067226,0.35168669103567196,0.04217009960707135,-0.05593302410404984,0.06192484978851121,0.08167810824898479,0.02043633991876093,0.015126790613465314
311,0.31492099727015727,-0.1498414884252779,0.4120561235173771,-0.09422548747067226,0.35168669103567196,0.04217009960707135,-0.05593302410404984,0.06192484978851121,0.08167810824898479,0.02043633991876093,0.015126790613465314
312,0.31492099727015727,-0.1498414884252779,0.4120561235173771,-0.09422548747067226,0.35168669103567196,0.04217009960707135,-0.05593302410404984,0.06192484978851121,0.08167810824898479,0.02043633991876093,0.015126790613465314
313,0.31492099727015727,-0.1498414884252779,0.4120561235173771,-0.09422548747067226,0.35168669103567196,0.04217009960707135,-0.05593302410404984,0.06192484978851121,0.08167810824898479,0.02043633991876093,0.015126790613465314
314,0.31492099727015727,-0.1498414884252779,0.4120561235173771,-0.09422548747067226,0.35168669103567196,0.04217009960707135,-0.05593302410404984,0.06192484978851121,0.08167810824898479,0.02043633991876093,0.015126790613465314
315,0.31492099727015727,-0.1498414884252779,0.4120561235173771,-0.09422548747067226,0.35168669103567196,0.04217009960707135,-0.05593302410404984,0.06192484978851121,0.08167810824898479,0.02043633991876093,0.015126790613465314
316,0.31492099727015727,-0.1498414884252779,0.4120561235173771,-0.09422548747067226,0.35168669103567196,0.04217009960707135,-0.05593302410404984,0.06192484978851121,0.08167810824898479,0.02043633991876093,0.015126790613465314
317,0.31492099727015727,-0.1498414884252779,0.4120561235173771,-0.09422548747067226,0.35168669103567196,0.04217009960707135,-0.05593302410404984,0.06192484978851121,0.08167810824898479,0.02043633991876093,0.015126790613465314
318,0.31492099727015727,-0.1498414884252779,0.4120561235173771,-0.09422548747067226,0.35168669103567196,0.04217009960707135,-0.05593302410404984,0.06192484978851121,0.08167810824898479,0.02043633991876093,0.015126790613465314
319,0.31492099727015727,-0.1498414884252779,0.4120561235173771,-0.09422548747067226,0.35168669103567196,0.04217009960707135,-0.05593302410404984,0.06192484978851121,0.08167810824898479,0.02043633991876093,0.015126790613465314
320,0.31492099727015727,-0.1498414884252779,0.4120561235173771,-0.09422548747067226,0.35168669103567196,0.04217009960707135,-0.05593302410404984,0.06192484978851121,0.08167810824898479,0.02043633991876093,0.015126790613465314
321,0.31492099727015727,-0.1498414884252779,0.4120561235173771,-0.09422548747067226,0.35168669103567196,0.04217009960707135,-0.05593302410404984,0.06192484978851121,0.08167810824898479,0.02043633991876093,0.015126790613465314
322,0.31492099727015727,-0.1498414884252779,0.4120561235173771,-0.09422548747067226,0.35168669103567196,0.04217009960707135,-0.05593302410404984,0.06192484978851121,0.08167810824898479,0.02043633991876093,0.015126790613465314
323,0.31492099727015727,-0.1498414884252779,0.4120561235173771,-0.09422548747067226,0.35168669103567196,0.04217009960707135,-0.05593302410404984,0.06192484978851121,0.08167810824898479,0.02043633991876093,0.015126790613465314
324,0.31492099727015727,-0.1498414884252779,0.4120561235173771,-0.09422548747067226,0.35168669103567196,0.04217009960707135,-0.05593302410404984,0.06192484978851121,0.08167810824898479,0.02043633991876093,0.015126790613465314
325,0.31492099727015727,-0.1498414884252779,0.4120561235173771,-0.09422548747067226,0.35168669103567196,0.04217009960707135,-0.05593302410404984,0.06192484978851121,0.08167810824898479,0.02043633991876093,0.015126790613465314
326,0.31492099727015727,-0.1498414884252779,0.4120561235173771,-0.09422548747067226,0.35168669103567196,0.04217009960707135,-0.05593302410404984,0.06192484978851121,0.08167810824898479,0.02043633991876093,0.015126790613465314
327,0.31492099727015727,-0.1498414884252779,0.4120561235173771,-0.09422548747067226,0.35168669103567196,0.04217009960707135,-0.05593302410404984,0.06192484978851121,0.08167810824898479,0.02043633991876093,0.015126790613465314
328,0.31492099727015727,-0.1498414884252779,0.4120561235173771,-0.09422548747067226,0.35168669103567196,0.04217009960707135,-0.05593302410404984,0.06192484978851121,0.08167810824898479,0.02043633991876093,0.015126790613465314
329,0.31492099727015727,-0.1498414884252779,0.4120561235173771,-0.09422548747067226,0.35168669103567196,0.04217009960707135,-0.05593302410404984,0.06192484978851121,0.08167810824898479,0.02043633991876093,0.015126790613465314
330,0.31492099727015727,-0.1498414884252779,0.4120561235173771,-0.09422548747067226,0.35168669103567196,0.04217009960707135,-0.05593302410404984,0.06192484978851121,0.08167810824898479,0.02043633991876093,0.015126790613465314
331,0.31492099727015727,-0.1498414884252779,0.4120561235173771,-0.09422548747067226,0.35168669103567196,0.04217009960707135,-0.05593302410404984,0.06192484978851121,0.08167810824898479,0.02043633991876093,0.015126790613465314
332,0.31492099727015727,-0.1498414884252779,0.4120561235173771,-0.09422548747067226,0.35168669103567196,0.04217009960707135,-0.05593302410404984,0.06192484978851121,0.08167810824898479,0.02043633991876093,0.015126790613465314
333,0.31492099727015727,-0.1498414884252779,0.4120561235173771,-0.09422548747067226,0.35168669103567196,0.04217009960707135,-0.05593302410404984,0.06192484978851121,0.08167810824898479,0.02043633991876093,0.015126790613465314
334,0.04196907507216113,0.031048685203701472,0.12673350051255497,0.1371142907633377,0.0839327694387883,0.1756926887489793,0.07293971580724488,0.031350472593333636,0.06428824272323852,0.41833781198379616,-0.18340725284713605
335,0.04196907507216113,0.031048685203701472,0.12673350051255497,0.1371142907633377,0.0839327694387883,0.1756926887489793,0.07293971580724488,0.031350472593333636,0.06428824272323852,0.41833781198379616,-0.18340725284713605
336,0.04196907507216113,0.031048685203701472,0.12673350051255497,0.1371142907633377,0.0839327694387883,0.1756926887489793,0.07293971580724488,0.031350472593333636,0.06428824272323852,0.41833781198379616,-0.18340725284713605
337,0.04196907507216113,0.031048685203701472,0.12673350051255497,0.1371142907633377,0.0839327694387883,0.1756926887489793,0.07293971580724488,0.031350472593333636,0.06428824272323852,0.41833781198379616,-0.18340725284713605
338,0.04196907507216113,0.031048685203701472,0.12673350051255497,0.1371142907633377,0.0839327694387883,0.1756926887489793,0.07293971580724488,0.031350472593333636,0.06428824272323852,0.41833781198379616,-0.18340725284713605
339,0.04196907507216113,0.031048685203701472,0.12673350051255497,0.1371142907633377,0.0839327694387883,0.1756926887489793,0.07293971580724488,0.031350472593333636,0.06428824272323852,0.41833781198379616,-0.18340725284713605
340,0.04196907507216113,0.031048685203701472,0.12673350051255497,0.1371142907633377,0.0839327694387883,0.1756926887489793,0.07293971580724488,0.031350472593333636,0.06428824272323852,0.41833781198379616,-0.18340725284713605
341,0.04196907507216113,0.031048685203701472,0.12673350051255497,0.1371142907633377,0.0839327694387883,0.1756926887489793,0.07293971580724488,0.031350472593333636,0.06428824272323852,0.41833781198379616,-0.18340725284713605
342,0.04196907507216113,0.031048685203701472,0.12673350051255497,0.1371142907633377,0.0839327694387883,0.1756926887489793,0.07293971580724488,0.031350472593333636,0.06428824272323852,0.41833781198379616,-0.18340725284713605
343,0.04196907507216113,0.031048685203701472,0.12673350051255497,0.1371142907633377,0.0839327694387883,0.1756926887489793,0.07293971580724488,0.031350472593333636,0.06428824272323852,0.41833781198379616,-0.18340725284713605
344,0.04196907507216113,0.031048685203701472,0.12673350051255497,0.1371142907633377,0.0839327694387883,0.1756926887489793,0.07293971580724488,0.031350472593333636,0.06428824272323852,0.41833781198379616,-0.18340725284713605
345,0.04196907507216113,0.031048685203701472,0.12673350051255497,0.1371142907633377,0.0839327694387883,0.1756926887489793,0.07293971580724488,0.031350472593333636,0.06428824272323852,0.41833781198379616,-0.18340725284713605
346,0.04196907507216113,0.031048685203701472,0.12673350051255497,0.1371142907633377,0.0839327694387883,0.1756926887489793,0.07293971580724488,0.031350472593333636,0.06428824272323852,0.41833781198379616,-0.18340725284713605
347,0.04196907507216113,0.031048685203701472,0.12673350051255497,0.1371142907633377,0.0839327694387883,0.1756926887489793,0.07293971580724488,0.031350472593333636,0.06428824272323852,0.41833781198379616,-0.18340725284713605
348,0.04196907507216113,0.031048685203701472,0.12673350051255497,0.1371142907633377,0.0839327694387883,0.1756926887489793,0.07293971580724488,0.031350472593333636,0.06428824272323852,0.41833781198379616,-0.18340725284713605
349,0.04196907507216113,0.031048685203701472,0.12673350051255497,0.1371142907633377,0.0839327694387883,0.1756926887489793,0.07293971580724488,0.031350472593333636,0.06428824272323852,0.41833781198379616,-0.18340725284713605
350,0.04196907507216113,0.031048685203701472,0.12673350051255497,0.1371142907633377,0.0839327694387883,0.1756926887489793,0.07293971580724488,0.031350472593333636,0.06428824272323852,0.41833781198379616,-0.18340725284713605
351,0.04196907507216113,0.031048685203701472,0.12673350051255497,0.1371142907633377,0.0839327694387883,0.1756926887489793,0.07293971580724488,0.031350472593333636,0.06428824272323852,0.41833781198379616,-0.18340725284713605
352,0.04196907507216113,0.031048685203701472,0.12673350051255497,0.1371142907633377,0.0839327694387883,0.1756926887489793,0.07293971580724488,0.031350472593333636,0.06428824272323852,0.41833781198379616,-0.18340725284713605
353,0.04196907507216113,0.031048685203701472,0.12673350051255497,0.1371142907633377,0.0839327694387883,0.1756926887489793,0.07293971580724488,0.031350472593333636,0.06428824272323852,0.41833781198379616,-0.18340725284713605
354,0.04196907507216113,0.031048685203701472,0.12673350051255497,0.1371142907633377,0.0839327694387883,0.1756926887489793,0.07293971580724488,0.031350472593333636,0.06428824272323852,0.41833781198379616,-0.18340725284713605
355,0.04196907507216113,0.031048685203701472,0.12673350051255497,0.1371142907633377,0.0839327694387883,0.1756926887489793,0.07293971580724488,0.031350472593333636,0.06428824272323852,0.41833781198379616,-0.18340725284713605
356,0.04196907507216113,0.031048685203701472,0.12673350051255497,0.1371142907633377,0.0839327694387883,0.1756926887489793,0.07293971580724488,0.031350472593333636,0.06428824272323852,0.41833781198379616,-0.18340725284713605
357,0.04196907507216113,0.031048685203701472,0.12673350051255497,0.1371142907633377,0.0839327694387883,0.1756926887489793,0.07293971580724488,0.031350472593333636,0.06428824272323852,0.41833781198379616,-0.18340725284713605
358,0.04196907507216113,0.031048685203701472,0.12673350051255497,0.1371142907633377,0.0839327694387883,0.1756926887489793,0.07293971580724488,0.031350472593333636,0.06428824272323852,0.41833781198379616,-0.18340725284713605
359,0.04196907507216113,0.031048685203701472,0.12673350051255497,0.1371142907633377,0.0839327694387883,0.1756926887489793,0.07293971580724488,0.031350472593333636,0.06428824272323852,0.41833781198379616,-0.18340725284713605
360,0.04196907507216113,0.031048685203701472,0.12673350051255497,0.1371142907633377,0.0839327694387883,0.1756926887489793,0.07293971580724488,0.031350472593333636,0.06428824272323852,0.41833781198379616,-0.18340725284713605
361,0.04196907507216113,0.031048685203701472,0.12673350051255497,0.1371142907633377,0.0839327694387883,0.1756926887489793,0.07293971580724488,0.031350472593333636,0.06428824272323852,0.41833781198379616,-0.18340725284713605
362,0.04196907507216113,0.031048685203701472,0.12673350051255497,0.1371142907633377,0.0839327694387883,0.1756926887489793,0.07293971580724488,0.031350472593333636,0.06428824272323852,0.41833781198379616,-0.18340725284713605
363,0.04196907507216113,0.031048685203701472,0.12673350051255497,0.1371142907633377,0.0839327694387883,0.1756926887489793,0.07293971580724488,0.031350472593333636,0.06428824272323852,0.41833781198379616,-0.18340725284713605
364,0.04196907507216113,0.031048685203701472,0.12673350051255497,0.1371142907633377,0.0839327694387883,0.1756926887489793,0.07293971580724488,0.031350472593333636,0.06428824272323852,0.41833781198379616,-0.18340725284713605
365,-0.020028919378639792,-0.0017082994843801798,0.7672909660482848,0.44871421109151605,-0.13666637416623353,-0.007258231126451722,-0.11937229084438114,-0.004511380296078621,0.025820234760682185,-0.00990069881630141,0.057620782211983176
366,-0.020028919378639792,-0.0017082994843801798,0.7672909660482848,0.44871421109151605,-0.13666637416623353,-0.007258231126451722,-0.11937229084438114,-0.004511380296078621,0.025820234760682185,-0.00990069881630141,0.057620782211983176
367,-0.020028919378639792,-0.0017082994843801798,0.7672909660482848,0.44871421109151605,-0.13666637416623353,-0.007258231126451722,-0.11937229084438114,-0.004511380296078621,0.025820234760682185,-0.00990069881630141,0.057620782211983176
368,-0.020028919378639792,-0.0017082994843801798,0.7672909660482848,0.44871421109151605,-0.13666637416623353,-0.007258231126451722,-0.11937229084438114,-0.004511380296078621,0.025820234760682185,-0.00990069881630141,0.057620782211983176
369,-0.020028919378639792,-0.0017082994843801798,0.7672909660482848,0.44871421109151605,-0.13666637416623353,-0.007258231126451722,-0.11937229084438114,-0.004511380296078621,0.025820234760682185,-0.00990069881630141,0.057620782211983176
370,-0.020028919378639792,-0.0017082994843801798,0.7672909660482848,0.44871421109151605,-0.13666637416623353,-0.007258231126451722,-0.11937229084438114,-0.004511380296078621,0.025820234760682185,-0.00990069881630141,0.057620782211983176
371,-0.020028919378639792,-0.0017082994843801798,0.7672909660482848,0.44871421109151605,-0.13666637416623353,-0.007258231126451722,-0.11937229084438114,-0.004511380296078621,0.025820234760682185,-0.00990069881630141,0.057620782211983176
372,-0.020028919378639792,-0.0017082994843801798,0.7672909660482848,0.44871421109151605,-0.13666637416623353,-0.007258231126451722,-0.11937229084438114,-0.004511380296078621,0.025820234760682185,-0.00990069881630141,0.057620782211983176
373,-0.020028919378639792,-0.0017082994843801798,0.7672909660482848,0.44871421109151605,-0.13666637416623353,-0.007258231126451722,-0.11937229084438114,-0.004511380296078621,0.025820234760682185,-0.00990069881630141,0.057620782211983176
374,-0.020028919378639792,-0.0017082994843801798,0.7672909660482848,0.44871421109151605,-0.13666637416623353,-0.007258231126451722,-0.11937229084438114,-0.004511380296078621,0.025820234760682185,-0.00990069881630141,0.057620782211983176
375,-0.020028919378639792,-0.0017082994843801798,0.7672909660482848,0.44871421109151605,-0.13666637416623353,-0.007258231126451722,-0.11937229084438114,-0.004511380296078621,0.025820234760682185,-0.00990069881630141,0.057620782211983176
376,-0.020028919378639792,-0.0017082994843801798,0.7672909660482848,0.44871421109151605,-0.13666637416623353,-0.007258231126451722,-0.11937229084438114,-0.004511380296078621,0.025820234760682185,-0.00990069881630141,0.057620782211983176
377,-0.020028919378639792,-0.0017082994843801798,0.7672909660482848,0.44871421109151605,-0.13666637416623353,-0.007258231126451722,-0.11937229084438114,-0.004511380296078621,0.025820234760682185,-0.00990069881630141,0.057620782211983176
378,-0.020028919378639792,-0.0017082994843801798,0.7672909660482848,0.44871421109151605,-0.13666637416623353,-0.007258231126451722,-0.11937229084438114,-0.004511380296078621,0.025820234760682185,-0.00990069881630141,0.057620782211983176
379,-0.020028919378639792,-0.0017082994843801798,0.7672909660482848,0.44871421109151605,-0.13666637416623353,-0.007258231126451722,-0.11937229084438114,-0.004511380296078621,0.025820234760682185,-0.00990069881630141,0.057620782211983176
380,-0.020028919378639792,-0.0017082994843801798,0.7672909660482848,0.44871421109151605,-0.13666637416623353,-0.007258231126451722,-0.11937229084438114,-0.004511380296078621,0.025820234760682185,-0.00990069881630141,0.057620782211983176
381,-0.020028919378639792,-0.0017082994843801798,0.7672909660482848,0.44871421109151605,-0.13666637416623353,-0.007258231126451722,-0.11937229084438114,-0.004511380296078621,0.025820234760682185,-0.00990069881630141,0.057620782211983176
382,-0.020028919378639792,-0.0017082994843801798,0.7672909660482848,0.44871421109151605,-0.13666637416623353,-0.007258231126451722,-0.11937229084438114,-0.004511380296078621,0.025820234760682185,-0.00990069881630141,0.057620782211983176
383,-0.020028919378639792,-0.0017082994843801798,0.7672909660482848,0.44871421109151605,-0.13666637416623353,-0.007258231126451722,-0.11937229084438114,-0.004511380296078621,0.025820234760682185,-0.00990069881630141,0.057620782211983176
384,-0.020028919378639792,-0.0017082994843801798,0.7672909660482848,0.44871421109151605,-0.13666637416623353,-0.007258231126451722,-0.11937229084438114,-0.004511380296078621,0.025820234760682185,-0.00990069881630141,0.057620782211983176
385,-0.020028919378639792,-0.0017082994843801798,0.7672909660482848,0.44871421109151605,-0.13666637416623353,-0.007258231126451722,-0.11937229084438114,-0.004511380296078621,0.025820234760682185,-0.00990069881630141,0.057620782211983176
386,-0.020028919378639792,-0.0017082994843801798,0.7672909660482848,0.44871421109151605,-0.13666637416623353,-0.007258231126451722,-0.11937229084438114,-0.004511380296078621,0.025820234760682185,-0.00990069881630141,0.057620782211983176
387,-0.020028919378639792,-0.0017082994843801798,0.7672909660482848,0.44871421109151605,-0.13666637416623353,-0.007258231126451722,-0.11937229084438114,-0.004511380296078621,0.025820234760682185,-0.00990069881630141,0.057620782211983176
388,-0.020028919378639792,-0.0017082994843801798,0.7672909660482848,0.44871421109151605,-0.13666637416623353,-0.007258231126451722,-0.11937229084438114,-0.004511380296078621,0.025820234760682185,-0.00990069881630141,0.057620782211983176
389,-0.020028919378639792,-0.0017082994843801798,0.7672909660482848,0.44871421109151605,-0.13666637416623353,-0.007258231126451722,-0.11937229084438114,-0.004511380296078621,0.025820234760682185,-0.00990069881630141,0.057620782211983176
390,-0.020028919378639792,-0.0017082994843801798,0.7672909660482848,0.44871421109151605,-0.13666637416623353,-0.007258231126451722,-0.11937229084438114,-0.004511380296078621,0.025820234760682185,-0.00990069881630141,0.057620782211983176
391,-0.020028919378639792,-0.0017082994843801798,0.7672909660482848,0.44871421109151605,-0.13666637416623353,-0.007258231126451722,-0.11937229084438114,-0.004511380296078621,0.025820234760682185,-0.00990069881630141,0.057620782211983176
392,-0.020028919378639792,-0.0017082994843801798,0.7672909660482848,0.44871421109151605,-0.13666637416623353,-0.007258231126451722,-0.11937229084438114,-0.004511380296078621,0.025820234760682185,-0.00990069881630141,0.057620782211983176
393,-0.020028919378639792,-0.0017082994843801798,0.7672909660482848,0.44871421109151605,-0.13666637416623353,-0.007258231126451722,-0.11937229084438114,-0.004511380296078621,0.025820234760682185,-0.00990069881630141,0.057620782211983176
394,-0.020028919378639792,-0.0017082994843801798,0.7672909660482848,0.44871421109151605,-0.13666637416623353,-0.007258231126451722,-0.11937229084438114,-0.004511380296078621,0.025820234760682185,-0.00990069881630141,0.057620782211983176
395,-0.020028919378639792,-0.0017082994843801798,0.7672909660482848,0.44871421109151605,-0.13666637416623353,-0.007258231126451722,-0.11937229084438114,-0.004511380296078621,0.025820234760682185,-0.00990069881630141,0.057620782211983176
396,0.04741856591103877,0.05050747380437374,0.09292553948208324,0.06729566267925788,0.0690284685729377,0.07738146066914572,0.05465109203473689,0.038710240648190335,0.10869766366696676,0.12954759762188903,0.26383623490938
397,0.04741856591103877,0.05050747380437374,0.09292553948208324,0.06729566267925788,0.0690284685729377,0.07738146066914572,0.05465109203473689,0.038710240648190335,0.10869766366696676,0.12954759762188903,0.26383623490938
398,0.04741856591103877,0.05050747380437374,0.09292553948208324,0.06729566267925788,0.0690284685729377,0.07738146066914572,0.05465109203473689,0.038710240648190335,0.10869766366696676,0.12954759762188903,0.26383623490938
399,0.04741856591103877,0.05050747380437374,0.09292553948208324,0.06729566267925788,0.0690284685729377,0.07738146066914572,0.05465109203473689,0.038710240648190335,0.10869766366696676,0.12954759762188903,0.26383623490938
400,0.04741856591103877,0.05050747380437374,0.09292553948208324,0.06729566267925788,0.0690284685729377,0.07738146066914572,0.05465109203473689,0.038710240648190335,0.10869766366696676,0.12954759762188903,0.26383623490938
401,0.04741856591103877,0.05050747380437374,0.09292553948208324,0.06729566267925788,0.0690284685729377,0.07738146066914572,0.05465109203473689,0.038710240648190335,0.10869766366696676,0.12954759762188903,0.26383623490938
402,0.04741856591103877,0.05050747380437374,0.09292553948208324,0.06729566267925788,0.0690284685729377,0.07738146066914572,0.05465109203473689,0.038710240648190335,0.10869766366696676,0.12954759762188903,0.26383623490938
403,0.04741856591103877,0.05050747380437374,0.09292553948208324,0.06729566267925788,0.0690284685729377,0.07738146066914572,0.05465109203473689,0.038710240648190335,0.10869766366696676,0.12954759762188903,0.26383623490938
404,0.04741856591103877,0.05050747380437374,0.09292553948208324,0.06729566267925788,0.0690284685729377,0.07738146066914572,0.05465109203473689,0.038710240648190335,0.10869766366696676,0.12954759762188903,0.26383623490938
405,0.04741856591103877,0.05050747380437374,0.09292553948208324,0.06729566267925788,0.0690284685729377,0.07738146066914572,0.05465109203473689,0.038710240648190335,0.10869766366696676,0.12954759762188903,0.26383623490938
406,0.04741856591103877,0.05050747380437374,0.09292553948208324,0.06729566267925788,0.0690284685729377,0.07738146066914572,0.05465109203473689,0.038710240648190335,0.10869766366696676,0.12954759762188903,0.26383623490938
407,0.04741856591103877,0.05050747380437374,0.09292553948208324,0.06729566267925788,0.0690284685729377,0.07738146066914572,0.05465109203473689,0.038710240648190335,0.10869766366696676,0.12954759762188903,0.26383623490938
408,0.04741856591103877,0.05050747380437374,0.09292553948208324,0.06729566267925788,0.0690284685729377,0.07738146066914572,0.05465109203473689,0.038710240648190335,0.10869766366696676,0.12954759762188903,0.26383623490938
409,0.04741856591103877,0.05050747380437374,0.09292553948208324,0.06729566267925788,0.0690284685729377,0.07738146066914572,0.05465109203473689,0.038710240648190335,0.10869766366696676,0.12954759762188903,0.26383623490938
410,0.04741856591103877,0.05050747380437374,0.09292553948208324,0.06729566267925788,0.0690284685729377,0.07738146066914572,0.05465109203473689,0.038710240648190335,0.10869766366696676,0.12954759762188903,0.26383623490938
411,0.04741856591103877,0.05050747380437374,0.09292553948208324,0.06729566267925788,0.0690284685729377,0.07738146066914572,0.05465109203473689,0.038710240648190335,0.10869766366696676,0.12954759762188903,0.26383623490938
412,0.04741856591103877,0.05050747380437374,0.09292553948208324,0.06729566267925788,0.0690284685729377,0.07738146066914572,0.05465109203473689,0.038710240648190335,0.10869766366696676,0.12954759762188903,0.26383623490938
413,0.04741856591103877,0.05050747380437374,0.09292553948208324,0.06729566267925788,0.0690284685729377,0.07738146066914572,0.05465109203473689,0.038710240648190335,0.10869766366696676,0.12954759762188903,0.26383623490938
414,0.04741856591103877,0.05050747380437374,0.09292553948208324,0.06729566267925788,0.0690284685729377,0.07738146066914572,0.05465109203473689,0.038710240648190335,0.10869766366696676,0.12954759762188903,0.26383623490938
415,0.04741856591103877,0.05050747380437374,0.09292553948208324,0.06729566267925788,0.0690284685729377,0.07738146066914572,0.05465109203473689,0.038710240648190335,0.10869766366696676,0.12954759762188903,0.26383623490938
416,0.04741856591103877,0.05050747380437374,0.09292553948208324,0.06729566267925788,0.0690284685729377,0.07738146066914572,0.05465109203473689,0.038710240648190335,0.10869766366696676,0.12954759762188903,0.26383623490938
417,0.04741856591103877,0.05050747380437374,0.09292553948208324,0.06729566267925788,0.0690284685729377,0.07738146066914572,0.05465109203473689,0.038710240648190335,0.10869766366696676,0.12954759762188903,0.26383623490938
418,0.04741856591103877,0.05050747380437374,0.09292553948208324,0.06729566267925788,0.0690284685729377,0.07738146066914572,0.05465109203473689,0.038710240648190335,0.10869766366696676,0.12954759762188903,0.26383623490938
419,0.04741856591103877,0.05050747380437374,0.09292553948208324,0.06729566267925788,0.0690284685729377,0.07738146066914572,0.05465109203473689,0.038710240648190335,0.10869766366696676,0.12954759762188903,0.26383623490938
420,0.04741856591103877,0.05050747380437374,0.09292553948208324,0.06729566267925788,0.0690284685729377,0.07738146066914572,0.05465109203473689,0.038710240648190335,0.10869766366696676,0.12954759762188903,0.26383623490938
421,0.04741856591103877,0.05050747380437374,0.09292553948208324,0.06729566267925788,0.0690284685729377,0.07738146066914572,0.05465109203473689,0.038710240648190335,0.10869766366696676,0.12954759762188903,0.26383623490938
422,0.04741856591103877,0.05050747380437374,0.09292553948208324,0.06729566267925788,0.0690284685729377,0.07738146066914572,0.05465109203473689,0.038710240648190335,0.10869766366696676,0.12954759762188903,0.26383623490938
423,0.04741856591103877,0.05050747380437374,0.09292553948208324,0.06729566267925788,0.0690284685729377,0.07738146066914572,0.05465109203473689,0.038710240648190335,0.10869766366696676,0.12954759762188903,0.26383623490938
424,0.3152043275156622,-0.023055183067943495,-0.022678820016587546,0.025304715098574935,0.06294121200896975,0.2714871922016159,0.059687026644909186,0.14241212806038359,0.044686343596449546,0.2880244664387738,-0.16401340848080792
425,0.3152043275156622,-0.023055183067943495,-0.022678820016587546,0.025304715098574935,0.06294121200896975,0.2714871922016159,0.059687026644909186,0.14241212806038359,0.044686343596449546,0.2880244664387738,-0.16401340848080792
426,0.3152043275156622,-0.023055183067943495,-0.022678820016587546,0.025304715098574935,0.06294121200896975,0.2714871922016159,0.059687026644909186,0.14241212806038359,0.044686343596449546,0.2880244664387738,-0.16401340848080792
427,0.3152043275156622,-0.023055183067943495,-0.022678820016587546,0.025304715098574935,0.06294121200896975,0.2714871922016159,0.059687026644909186,0.14241212806038359,0.044686343596449546,0.2880244664387738,-0.16401340848080792
428,0.3152043275156622,-0.023055183067943495,-0.022678820016587546,0.025304715098574935,0.06294121200896975,0.2714871922016159,0.059687026644909186,0.14241212806038359,0.044686343596449546,0.2880244664387738,-0.16401340848080792
429,0.3152043275156622,-0.023055183067943495,-0.022678820016587546,0.025304715098574935,0.06294121200896975,0.2714871922016159,0.059687026644909186,0.14241212806038359,0.044686343596449546,0.2880244664387738,-0.16401340848080792
430,0.3152043275156622,-0.023055183067943495,-0.022678820016587546,0.025304715098574935,0.06294121200896975,0.2714871922016159,0.059687026644909186,0.14241212806038359,0.044686343596449546,0.2880244664387738,-0.16401340848080792
431,0.3152043275156622,-0.023055183067943495,-0.022678820016587546,0.025304715098574935,0.06294121200896975,0.2714871922016159,0.059687026644909186,0.14241212806038359,0.044686343596449546,0.2880244664387738,-0.16401340848080792
432,0.3152043275156622,-0.023055183067943495,-0.022678820016587546,0.025304715098574935,0.06294121200896975,0.2714871922016159,0.059687026644909186,0.14241212806038359,0.044686343596449546,0.2880244664387738,-0.16401340848080792
433,0.3152043275156622,-0.023055183067943495,-0.022678820016587546,0.025304715098574935,0.06294121200896975,0.2714871922016159,0.059687026644909186,0.14241212806038359,0.044686343596449546,0.2880244664387738,-0.16401340848080792
434,0.3152043275156622,-0.023055183067943495,-0.022678820016587546,0.025304715098574935,0.06294121200896975,0.2714871922016159,0.059687026644909186,0.14241212806038359,0.044686343596449546,0.2880244664387738,-0.16401340848080792
435,0.3152043275156622,-0.023055183067943495,-0.022678820016587546,0.025304715098574935,0.06294121200896975,0.2714871922016159,0.059687026644909186,0.14241212806038359,0.044686343596449546,0.2880244664387738,-0.16401340848080792
436,0.3152043275156622,-0.023055183067943495,-0.022678820016587546,0.025304715098574935,0.06294121200896975,0.2714871922016159,0.059687026644909186,0.14241212806038359,0.044686343596449546,0.2880244664387738,-0.16401340848080792
437,0.3152043275156622,-0.023055183067943495,-0.022678820016587546,0.025304715098574935,0.06294121200896975,0.2714871922016159,0.059687026644909186,0.14241212806038359,0.044686343596449546,0.2880244664387738,-0.16401340848080792
438,0.3152043275156622,-0.023055183067943495,-0.022678820016587546,0.025304715098574935,0.06294121200896975,0.2714871922016159,0.059687026644909186,0.14241212806038359,0.044686343596449546,0.2880244664387738,-0.16401340848080792
439,0.3152043275156622,-0.023055183067943495,-0.022678820016587546,0.025304715098574935,0.06294121200896975,0.2714871922016159,0.059687026644909186,0.14241212806038359,0.044686343596449546,0.2880244664387738,-0.16401340848080792
440,0.3152043275156622,-0.023055183067943495,-0.022678820016587546,0.025304715098574935,0.06294121200896975,0.2714871922016159,0.059687026644909186,0.14241212806038359,0.044686343596449546,0.2880244664387738,-0.16401340848080792
441,0.3152043275156622,-0.023055183067943495,-0.022678820016587546,0.025304715098574935,0.06294121200896975,0.2714871922016159,0.059687026644909186,0.14241212806038359,0.044686343596449546,0.2880244664387738,-0.16401340848080792
442,0.3152043275156622,-0.023055183067943495,-0.022678820016587546,0.025304715098574935,0.06294121200896975,0.2714871922016159,0.059687026644909186,0.14241212806038359,0.044686343596449546,0.2880244664387738,-0.16401340848080792
443,0.3152043275156622,-0.023055183067943495,-0.022678820016587546,0.025304715098574935,0.06294121200896975,0.2714871922016159,0.059687026644909186,0.14241212806038359,0.044686343596449546,0.2880244664387738,-0.16401340848080792
444,0.3152043275156622,-0.023055183067943495,-0.022678820016587546,0.025304715098574935,0.06294121200896975,0.2714871922016159,0.059687026644909186,0.14241212806038359,0.044686343596449546,0.2880244664387738,-0.16401340848080792
445,0.3152043275156622,-0.023055183067943495,-0.022678820016587546,0.025304715098574935,0.06294121200896975,0.2714871922016159,0.059687026644909186,0.14241212806038359,0.044686343596449546,0.2880244664387738,-0.16401340848080792
446,0.3152043275156622,-0.023055183067943495,-0.022678820016587546,0.025304715098574935,0.06294121200896975,0.2714871922016159,0.059687026644909186,0.14241212806038359,0.044686343596449546,0.2880244664387738,-0.16401340848080792
447,0.3152043275156622,-0.023055183067943495,-0.022678820016587546,0.025304715098574935,0.06294121200896975,0.2714871922016159,0.059687026644909186,0.14241212806038359,0.044686343596449546,0.2880244664387738,-0.16401340848080792
448,0.3152043275156622,-0.023055183067943495,-0.022678820016587546,0.025304715098574935,0.06294121200896975,0.2714871922016159,0.059687026644909186,0.14241212806038359,0.044686343596449546,0.2880244664387738,-0.16401340848080792
449,0.3152043275156622,-0.023055183067943495,-0.022678820016587546,0.025304715098574935,0.06294121200896975,0.2714871922016159,0.059687026644909186,0.14241212806038359,0.044686343596449546,0.2880244664387738,-0.16401340848080792
450,0.3152043275156622,-0.023055183067943495,-0.022678820016587546,0.025304715098574935,0.06294121200896975,0.2714871922016159,0.059687026644909186,0.14241212806038359,0.044686343596449546,0.2880244664387738,-0.16401340848080792
451,0.3152043275156622,-0.023055183067943495,-0.022678820016587546,0.025304715098574935,0.06294121200896975,0.2714871922016159,0.059687026644909186,0.14241212806038359,0.044686343596449546,0.2880244664387738,-0.16401340848080792
452,0.3152043275156622,-0.023055183067943495,-0.022678820016587546,0.025304715098574935,0.06294121200896975,0.2714871922016159,0.059687026644909186,0.14241212806038359,0.044686343596449546,0.2880244664387738,-0.16401340848080792
453,0.3152043275156622,-0.023055183067943495,-0.022678820016587546,0.025304715098574935,0.06294121200896975,0.2714871922016159,0.059687026644909186,0.14241212806038359,0.044686343596449546,0.2880244664387738,-0.16401340848080792
454,0.3152043275156622,-0.023055183067943495,-0.022678820016587546,0.025304715098574935,0.06294121200896975,0.2714871922016159,0.059687026644909186,0.14241212806038359,0.044686343596449546,0.2880244664387738,-0.16401340848080792
455,0.09119888850542923,0.05677660097484798,0.09394805433546963,0.06371865055520114,-0.2999999999999994,0.27531015436719697,0.136852564482991,0.2153563736942635,0.11414314828177467,0.09945716712603109,0.15323839767679423
456,0.09119888850542923,0.05677660097484798,0.09394805433546963,0.06371865055520114,-0.2999999999999994,0.27531015436719697,0.136852564482991,0.2153563736942635,0.11414314828177467,0.09945716712603109,0.15323839767679423
457,0.09119888850542923,0.05677660097484798,0.09394805433546963,0.06371865055520114,-0.2999999999999994,0.27531015436719697,0.136852564482991,0.2153563736942635,0.11414314828177467,0.09945716712603109,0.15323839767679423
458,0.09119888850542923,0.05677660097484798,0.09394805433546963,0.06371865055520114,-0.2999999999999994,0.27531015436719697,0.136852564482991,0.2153563736942635,0.11414314828177467,0.09945716712603109,0.15323839767679423
459,0.09119888850542923,0.05677660097484798,0.09394805433546963,0.06371865055520114,-0.2999999999999994,0.27531015436719697,0.136852564482991,0.2153563736942635,0.11414314828177467,0.09945716712603109,0.15323839767679423
460,0.09119888850542923,0.05677660097484798,0.09394805433546963,0.06371865055520114,-0.2999999999999994,0.27531015436719697,0.136852564482991,0.2153563736942635,0.11414314828177467,0.09945716712603109,0.15323839767679423
461,0.09119888850542923,0.05677660097484798,0.09394805433546963,0.06371865055520114,-0.2999999999999994,0.27531015436719697,0.136852564482991,0.2153563736942635,0.11414314828177467,0.09945716712603109,0.15323839767679423
462,0.09119888850542923,0.05677660097484798,0.09394805433546963,0.06371865055520114,-0.2999999999999994,0.27531015436719697,0.136852564482991,0.2153563736942635,0.11414314828177467,0.09945716712603109,0.15323839767679423
463,0.09119888850542923,0.05677660097484798,0.09394805433546963,0.06371865055520114,-0.2999999999999994,0.27531015436719697,0.136852564482991,0.2153563736942635,0.11414314828177467,0.09945716712603109,0.15323839767679423
464,0.09119888850542923,0.05677660097484798,0.09394805433546963,0.06371865055520114,-0.2999999999999994,0.27531015436719697,0.136852564482991,0.2153563736942635,0.11414314828177467,0.09945716712603109,0.15323839767679423
465,0.09119888850542923,0.05677660097484798,0.09394805433546963,0.06371865055520114,-0.2999999999999994,0.27531015436719697,0.136852564482991,0.2153563736942635,0.11414314828177467,0.09945716712603109,0.15323839767679423
466,0.09119888850542923,0.05677660097484798,0.09394805433546963,0.06371865055520114,-0.2999999999999994,0.27531015436719697,0.136852564482991,0.2153563736942635,0.11414314828177467,0.09945716712603109,0.15323839767679423
467,0.09119888850542923,0.05677660097484798,0.09394805433546963,0.06371865055520114,-0.2999999999999994,0.27531015436719697,0.136852564482991,0.2153563736942635,0.11414314828177467,0.09945716712603109,0.15323839767679423
468,0.09119888850542923,0.05677660097484798,0.09394805433546963,0.06371865055520114,-0.2999999999999994,0.27531015436719697,0.136852564482991,0.2153563736942635,0.11414314828177467,0.09945716712603109,0.15323839767679423
469,0.09119888850542923,0.05677660097484798,0.09394805433546963,0.06371865055520114,-0.2999999999999994,0.27531015436719697,0.136852564482991,0.2153563736942635,0.11414314828177467,0.09945716712603109,0.15323839767679423
470,0.09119888850542923,0.05677660097484798,0.09394805433546963,0.06371865055520114,-0.2999999999999994,0.27531015436719697,0.136852564482991,0.2153563736942635,0.11414314828177467,0.09945716712603109,0.15323839767679423
471,0.09119888850542923,0.05677660097484798,0.09394805433546963,0.06371865055520114,-0.2999999999999994,0.27531015436719697,0.136852564482991,0.2153563736942635,0.11414314828177467,0.09945716712603109,0.15323839767679423
472,0.09119888850542923,0.05677660097484798,0.09394805433546963,0.06371865055520114,-0.2999999999999994,0.27531015436719697,0.136852564482991,0.2153563736942635,0.11414314828177467,0.09945716712603109,0.15323839767679423
473,0.09119888850542923,0.05677660097484798,0.09394805433546963,0.06371865055520114,-0.2999999999999994,0.27531015436719697,0.136852564482991,0.2153563736942635,0.11414314828177467,0.09945716712603109,0.15323839767679423
474,0.09119888850542923,0.05677660097484798,0.09394805433546963,0.06371865055520114,-0.2999999999999994,0.27531015436719697,0.136852564482991,0.2153563736942635,0.11414314828177467,0.09945716712603109,0.15323839767679423
475,0.09119888850542923,0.05677660097484798,0.09394805433546963,0.06371865055520114,-0.2999999999999994,0.27531015436719697,0.136852564482991,0.2153563736942635,0.11414314828177467,0.09945716712603109,0.15323839767679423
476,0.09119888850542923,0.05677660097484798,0.09394805433546963,0.06371865055520114,-0.2999999999999994,0.27531015436719697,0.136852564482991,0.2153563736942635,0.11414314828177467,0.09945716712603109,0.15323839767679423
477,0.09119888850542923,0.05677660097484798,0.09394805433546963,0.06371865055520114,-0.2999999999999994,0.27531015436719697,0.136852564482991,0.2153563736942635,0.11414314828177467,0.09945716712603109,0.15323839767679423
478,0.09119888850542923,0.05677660097484798,0.09394805433546963,0.06371865055520114,-0.2999999999999994,0.27531015436719697,0.136852564482991,0.2153563736942635,0.11414314828177467,0.09945716712603109,0.15323839767679423
479,0.09119888850542923,0.05677660097484798,0.09394805433546963,0.06371865055520114,-0.2999999999999994,0.27531015436719697,0.136852564482991,0.2153563736942635,0.11414314828177467,0.09945716712603109,0.15323839767679423
480,0.09119888850542923,0.05677660097484798,0.09394805433546963,0.06371865055520114,-0.2999999999999994,0.27531015436719697,0.136852564482991,0.2153563736942635,0.11414314828177467,0.09945716712603109,0.15323839767679423
481,0.09119888850542923,0.05677660097484798,0.09394805433546963,0.06371865055520114,-0.2999999999999994,0.27531015436719697,0.136852564482991,0.2153563736942635,0.11414314828177467,0.09945716712603109,0.15323839767679423
482,0.09119888850542923,0.05677660097484798,0.09394805433546963,0.06371865055520114,-0.2999999999999994,0.27531015436719697,0.136852564482991,0.2153563736942635,0.11414314828177467,0.09945716712603109,0.15323839767679423
483,0.09119888850542923,0.05677660097484798,0.09394805433546963,0.06371865055520114,-0.2999999999999994,0.27531015436719697,0.136852564482991,0.2153563736942635,0.11414314828177467,0.09945716712603109,0.15323839767679423
484,0.09119888850542923,0.05677660097484798,0.09394805433546963,0.06371865055520114,-0.2999999999999994,0.27531015436719697,0.136852564482991,0.2153563736942635,0.11414314828177467,0.09945716712603109,0.15323839767679423
485,0.08916706154136204,0.10637072909803276,0.2826021482472942,0.1831253245803009,-0.1724987281682255,0.050158580184372026,0.06695553075526532,0.033988130123192725,0.27797223609449107,0.05598210795828289,0.026176879585631578
486,0.08916706154136204,0.10637072909803276,0.2826021482472942,0.1831253245803009,-0.1724987281682255,0.050158580184372026,0.06695553075526532,0.033988130123192725,0.27797223609449107,0.05598210795828289,0.026176879585631578
487,0.08916706154136204,0.10637072909803276,0.2826021482472942,0.1831253245803009,-0.1724987281682255,0.050158580184372026,0.06695553075526532,0.033988130123192725,0.27797223609449107,0.05598210795828289,0.026176879585631578
488,0.08916706154136204,0.10637072909803276,0.2826021482472942,0.1831253245803009,-0.1724987281682255,0.050158580184372026,0.06695553075526532,0.033988130123192725,0.27797223609449107,0.05598210795828289,0.026176879585631578
489,0.08916706154136204,0.10637072909803276,0.2826021482472942,0.1831253245803009,-0.1724987281682255,0.050158580184372026,0.06695553075526532,0.033988130123192725,0.27797223609449107,0.05598210795828289,0.026176879585631578
490,0.08916706154136204,0.10637072909803276,0.2826021482472942,0.1831253245803009,-0.1724987281682255,0.050158580184372026,0.06695553075526532,0.033988130123192725,0.27797223609449107,0.05598210795828289,0.026176879585631578
491,0.08916706154136204,0.10637072909803276,0.2826021482472942,0.1831253245803009,-0.1724987281682255,0.050158580184372026,0.06695553075526532,0.033988130123192725,0.27797223609449107,0.05598210795828289,0.026176879585631578
492,0.08916706154136204,0.10637072909803276,0.2826021482472942,0.1831253245803009,-0.1724987281682255,0.050158580184372026,0.06695553075526532,0.033988130123192725,0.27797223609449107,0.05598210795828289,0.026176879585631578
493,0.08916706154136204,0.10637072909803276,0.2826021482472942,0.1831253245803009,-0.1724987281682255,0.050158580184372026,0.06695553075526532,0.033988130123192725,0.27797223609449107,0.05598210795828289,0.026176879585631578
494,0.08916706154136204,0.10637072909803276,0.2826021482472942,0.1831253245803009,-0.1724987281682255,0.050158580184372026,0.06695553075526532,0.033988130123192725,0.27797223609449107,0.05598210795828289,0.026176879585631578
495,0.08916706154136204,0.10637072909803276,0.2826021482472942,0.1831253245803009,-0.1724987281682255,0.050158580184372026,0.06695553075526532,0.033988130123192725,0.27797223609449107,0.05598210795828289,0.026176879585631578
496,0.08916706154136204,0.10637072909803276,0.2826021482472942,0.1831253245803009,-0.1724987281682255,0.050158580184372026,0.06695553075526532,0.033988130123192725,0.27797223609449107,0.05598210795828289,0.026176879585631578
497,0.08916706154136204,0.10637072909803276,0.2826021482472942,0.1831253245803009,-0.1724987281682255,0.050158580184372026,0.06695553075526532,0.033988130123192725,0.27797223609449107,0.05598210795828289,0.026176879585631578
498,0.08916706154136204,0.10637072909803276,0.2826021482472942,0.1831253245803009,-0.1724987281682255,0.050158580184372026,0.06695553075526532,0.033988130123192725,0.27797223609449107,0.05598210795828289,0.026176879585631578
499,0.08916706154136204,0.10637072909803276,0.2826021482472942,0.1831253245803009,-0.1724987281682255,0.050158580184372026,0.06695553075526532,0.033988130123192725,0.27797223609449107,0.05598210795828289,0.026176879585631578
500,0.08916706154136204,0.10637072909803276,0.2826021482472942,0.1831253245803009,-0.1724987281682255,0.050158580184372026,0.06695553075526532,0.033988130123192725,0.27797223609449107,0.05598210795828289,0.026176879585631578
501,0.08916706154136204,0.10637072909803276,0.2826021482472942,0.1831253245803009,-0.1724987281682255,0.050158580184372026,0.06695553075526532,0.033988130123192725,0.27797223609449107,0.05598210795828289,0.026176879585631578
502,0.08916706154136204,0.10637072909803276,0.2826021482472942,0.1831253245803009,-0.1724987281682255,0.050158580184372026,0.06695553075526532,0.033988130123192725,0.27797223609449107,0.05598210795828289,0.026176879585631578
503,0.08916706154136204,0.10637072909803276,0.2826021482472942,0.1831253245803009,-0.1724987281682255,0.050158580184372026,0.06695553075526532,0.033988130123192725,0.27797223609449107,0.05598210795828289,0.026176879585631578
504,0.08916706154136204,0.10637072909803276,0.2826021482472942,0.1831253245803009,-0.1724987281682255,0.050158580184372026,0.06695553075526532,0.033988130123192725,0.27797223609449107,0.05598210795828289,0.026176879585631578
505,0.08916706154136204,0.10637072909803276,0.2826021482472942,0.1831253245803009,-0.1724987281682255,0.050158580184372026,0.06695553075526532,0.033988130123192725,0.27797223609449107,0.05598210795828289,0.026176879585631578
506,0.08916706154136204,0.10637072909803276,0.2826021482472942,0.1831253245803009,-0.1724987281682255,0.050158580184372026,0.06695553075526532,0.033988130123192725,0.27797223609449107,0.05598210795828289,0.026176879585631578
507,0.08916706154136204,0.10637072909803276,0.2826021482472942,0.1831253245803009,-0.1724987281682255,0.050158580184372026,0.06695553075526532,0.033988130123192725,0.27797223609449107,0.05598210795828289,0.026176879585631578
508,0.08916706154136204,0.10637072909803276,0.2826021482472942,0.1831253245803009,-0.1724987281682255,0.050158580184372026,0.06695553075526532,0.033988130123192725,0.27797223609449107,0.05598210795828289,0.026176879585631578
509,0.08916706154136204,0.10637072909803276,0.2826021482472942,0.1831253245803009,-0.1724987281682255,0.050158580184372026,0.06695553075526532,0.033988130123192725,0.27797223609449107,0.05598210795828289,0.026176879585631578
510,0.08916706154136204,0.10637072909803276,0.2826021482472942,0.1831253245803009,-0.1724987281682255,0.050158580184372026,0.06695553075526532,0.033988130123192725,0.27797223609449107,0.05598210795828289,0.026176879585631578
511,0.08916706154136204,0.10637072909803276,0.2826021482472942,0.1831253245803009,-0.1724987281682255,0.050158580184372026,0.06695553075526532,0.033988130123192725,0.27797223609449107,0.05598210795828289,0.026176879585631578
512,0.08916706154136204,0.10637072909803276,0.2826021482472942,0.1831253245803009,-0.1724987281682255,0.050158580184372026,0.06695553075526532,0.033988130123192725,0.27797223609449107,0.05598210795828289,0.026176879585631578
513,0.08916706154136204,0.10637072909803276,0.2826021482472942,0.1831253245803009,-0.1724987281682255,0.050158580184372026,0.06695553075526532,0.033988130123192725,0.27797223609449107,0.05598210795828289,0.026176879585631578
514,0.08916706154136204,0.10637072909803276,0.2826021482472942,0.1831253245803009,-0.1724987281682255,0.050158580184372026,0.06695553075526532,0.033988130123192725,0.27797223609449107,0.05598210795828289,0.026176879585631578
515,0.08916706154136204,0.10637072909803276,0.2826021482472942,0.1831253245803009,-0.1724987281682255,0.050158580184372026,0.06695553075526532,0.033988130123192725,0.27797223609449107,0.05598210795828289,0.026176879585631578
516,-0.06850305837495296,0.019845854898601446,0.013608834672865354,0.010741746130764224,0.01742434960335098,0.037228982536495044,0.012247095978793993,0.8957990692530446,0.010352311199635873,0.04127352831152405,0.009981285789877465
517,-0.06850305837495296,0.019845854898601446,0.013608834672865354,0.010741746130764224,0.01742434960335098,0.037228982536495044,0.012247095978793993,0.8957990692530446,0.010352311199635873,0.04127352831152405,0.009981285789877465
518,-0.06850305837495296,0.019845854898601446,0.013608834672865354,0.010741746130764224,0.01742434960335098,0.037228982536495044,0.012247095978793993,0.8957990692530446,0.010352311199635873,0.04127352831152405,0.009981285789877465
519,-0.06850305837495296,0.019845854898601446,0.013608834672865354,0.010741746130764224,0.01742434960335098,0.037228982536495044,0.012247095978793993,0.8957990692530446,0.010352311199635873,0.04127352831152405,0.009981285789877465
520,-0.06850305837495296,0.019845854898601446,0.013608834672865354,0.010741746130764224,0.01742434960335098,0.037228982536495044,0.012247095978793993,0.8957990692530446,0.010352311199635873,0.04127352831152405,0.009981285789877465
521,-0.06850305837495296,0.019845854898601446,0.013608834672865354,0.010741746130764224,0.01742434960335098,0.037228982536495044,0.012247095978793993,0.8957990692530446,0.010352311199635873,0.04127352831152405,0.009981285789877465
522,-0.06850305837495296,0.019845854898601446,0.013608834672865354,0.010741746130764224,0.01742434960335098,0.037228982536495044,0.012247095978793993,0.8957990692530446,0.010352311199635873,0.04127352831152405,0.009981285789877465
523,-0.06850305837495296,0.019845854898601446,0.013608834672865354,0.010741746130764224,0.01742434960335098,0.037228982536495044,0.012247095978793993,0.8957990692530446,0.010352311199635873,0.04127352831152405,0.009981285789877465
524,-0.06850305837495296,0.019845854898601446,0.013608834672865354,0.010741746130764224,0.01742434960335098,0.037228982536495044,0.012247095978793993,0.8957990692530446,0.010352311199635873,0.04127352831152405,0.009981285789877465
525,-0.06850305837495296,0.019845854898601446,0.013608834672865354,0.010741746130764224,0.01742434960335098,0.037228982536495044,0.012247095978793993,0.8957990692530446,0.010352311199635873,0.04127352831152405,0.009981285789877465
526,-0.06850305837495296,0.019845854898601446,0.013608834672865354,0.010741746130764224,0.01742434960335098,0.037228982536495044,0.012247095978793993,0.8957990692530446,0.010352311199635873,0.04127352831152405,0.009981285789877465
527,-0.06850305837495296,0.019845854898601446,0.013608834672865354,0.010741746130764224,0.01742434960335098,0.037228982536495044,0.012247095978793993,0.8957990692530446,0.010352311199635873,0.04127352831152405,0.009981285789877465
528,-0.06850305837495296,0.019845854898601446,0.013608834672865354,0.010741746130764224,0.01742434960335098,0.037228982536495044,0.012247095978793993,0.8957990692530446,0.010352311199635873,0.04127352831152405,0.009981285789877465
529,-0.06850305837495296,0.019845854898601446,0.013608834672865354,0.010741746130764224,0.01742434960335098,0.037228982536495044,0.012247095978793993,0.8957990692530446,0.010352311199635873,0.04127352831152405,0.009981285789877465
530,-0.06850305837495296,0.019845854898601446,0.013608834672865354,0.010741746130764224,0.01742434960335098,0.037228982536495044,0.012247095978793993,0.8957990692530446,0.010352311199635873,0.04127352831152405,0.009981285789877465
531,-0.06850305837495296,0.019845854898601446,0.013608834672865354,0.010741746130764224,0.01742434960335098,0.037228982536495044,0.012247095978793993,0.8957990692530446,0.010352311199635873,0.04127352831152405,0.009981285789877465
532,-0.06850305837495296,0.019845854898601446,0.013608834672865354,0.010741746130764224,0.01742434960335098,0.037228982536495044,0.012247095978793993,0.8957990692530446,0.010352311199635873,0.04127352831152405,0.009981285789877465
533,-0.06850305837495296,0.019845854898601446,0.013608834672865354,0.010741746130764224,0.01742434960335098,0.037228982536495044,0.012247095978793993,0.8957990692530446,0.010352311199635873,0.04127352831152405,0.009981285789877465
534,-0.06850305837495296,0.019845854898601446,0.013608834672865354,0.010741746130764224,0.01742434960335098,0.037228982536495044,0.012247095978793993,0.8957990692530446,0.010352311199635873,0.04127352831152405,0.009981285789877465
535,-0.06850305837495296,0.019845854898601446,0.013608834672865354,0.010741746130764224,0.01742434960335098,0.037228982536495044,0.012247095978793993,0.8957990692530446,0.010352311199635873,0.04127352831152405,0.009981285789877465
536,-0.06850305837495296,0.019845854898601446,0.013608834672865354,0.010741746130764224,0.01742434960335098,0.037228982536495044,0.012247095978793993,0.8957990692530446,0.010352311199635873,0.04127352831152405,0.009981285789877465
537,-0.06850305837495296,0.019845854898601446,0.013608834672865354,0.010741746130764224,0.01742434960335098,0.037228982536495044,0.012247095978793993,0.8957990692530446,0.010352311199635873,0.04127352831152405,0.009981285789877465
538,-0.06850305837495296,0.019845854898601446,0.013608834672865354,0.010741746130764224,0.01742434960335098,0.037228982536495044,0.012247095978793993,0.8957990692530446,0.010352311199635873,0.04127352831152405,0.009981285789877465
539,-0.06850305837495296,0.019845854898601446,0.013608834672865354,0.010741746130764224,0.01742434960335098,0.037228982536495044,0.012247095978793993,0.8957990692530446,0.010352311199635873,0.04127352831152405,0.009981285789877465
540,-0.06850305837495296,0.019845854898601446,0.013608834672865354,0.010741746130764224,0.01742434960335098,0.037228982536495044,0.012247095978793993,0.8957990692530446,0.010352311199635873,0.04127352831152405,0.009981285789877465
541,-0.06850305837495296,0.019845854898601446,0.013608834672865354,0.010741746130764224,0.01742434960335098,0.037228982536495044,0.012247095978793993,0.8957990692530446,0.010352311199635873,0.04127352831152405,0.009981285789877465
542,-0.06850305837495296,0.019845854898601446,0.013608834672865354,0.010741746130764224,0.01742434960335098,0.037228982536495044,0.012247095978793993,0.8957990692530446,0.010352311199635873,0.04127352831152405,0.009981285789877465
543,-0.06850305837495296,0.019845854898601446,0.013608834672865354,0.010741746130764224,0.01742434960335098,0.037228982536495044,0.012247095978793993,0.8957990692530446,0.010352311199635873,0.04127352831152405,0.009981285789877465
544,-0.06850305837495296,0.019845854898601446,0.013608834672865354,0.010741746130764224,0.01742434960335098,0.037228982536495044,0.012247095978793993,0.8957990692530446,0.010352311199635873,0.04127352831152405,0.009981285789877465
545,-0.06850305837495296,0.019845854898601446,0.013608834672865354,0.010741746130764224,0.01742434960335098,0.037228982536495044,0.012247095978793993,0.8957990692530446,0.010352311199635873,0.04127352831152405,0.009981285789877465
546,-0.155035369641913,0.6317211791560707,0.08456399544704543,0.056914146765880205,-0.07580079772658743,0.07838716142400025,0.09890529091645263,-0.06916383263149979,0.09608044215056903,0.14367360952616823,0.10975417461381387
547,-0.155035369641913,0.6317211791560707,0.08456399544704543,0.056914146765880205,-0.07580079772658743,0.07838716142400025,0.09890529091645263,-0.06916383263149979,0.09608044215056903,0.14367360952616823,0.10975417461381387
548,-0.155035369641913,0.6317211791560707,0.08456399544704543,0.056914146765880205,-0.07580079772658743,0.07838716142400025,0.09890529091645263,-0.06916383263149979,0.09608044215056903,0.14367360952616823,0.10975417461381387
549,-0.155035369641913,0.6317211791560707,0.08456399544704543,0.056914146765880205,-0.07580079772658743,0.07838716142400025,0.09890529091645263,-0.06916383263149979,0.09608044215056903,0.14367360952616823,0.10975417461381387
550,-0.155035369641913,0.6317211791560707,0.08456399544704543,0.056914146765880205,-0.07580079772658743,0.07838716142400025,0.09890529091645263,-0.06916383263149979,0.09608044215056903,0.14367360952616823,0.10975417461381387
551,-0.155035369641913,0.6317211791560707,0.08456399544704543,0.056914146765880205,-0.07580079772658743,0.07838716142400025,0.09890529091645263,-0.06916383263149979,0.09608044215056903,0.14367360952616823,0.10975417461381387
552,-0.155035369641913,0.6317211791560707,0.08456399544704543,0.056914146765880205,-0.07580079772658743,0.07838716142400025,0.09890529091645263,-0.06916383263149979,0.09608044215056903,0.14367360952616823,0.10975417461381387
553,-0.155035369641913,0.6317211791560707,0.08456399544704543,0.056914146765880205,-0.07580079772658743,0.07838716142400025,0.09890529091645263,-0.06916383263149979,0.09608044215056903,0.14367360952616823,0.10975417461381387
554,-0.155035369641913,0.6317211791560707,0.08456399544704543,0.056914146765880205,-0.07580079772658743,0.07838716142400025,0.09890529091645263,-0.06916383263149979,0.09608044215056903,0.14367360952616823,0.10975417461381387
555,-0.155035369641913,0.6317211791560707,0.08456399544704543,0.056914146765880205,-0.07580079772658743,0.07838716142400025,0.09890529091645263,-0.06916383263149979,0.09608044215056903,0.14367360952616823,0.10975417461381387
556,-0.155035369641913,0.6317211791560707,0.08456399544704543,0.056914146765880205,-0.07580079772658743,0.07838716142400025,0.09890529091645263,-0.06916383263149979,0.09608044215056903,0.14367360952616823,0.10975417461381387
557,-0.155035369641913,0.6317211791560707,0.08456399544704543,0.056914146765880205,-0.07580079772658743,0.07838716142400025,0.09890529091645263,-0.06916383263149979,0.09608044215056903,0.14367360952616823,0.10975417461381387
558,-0.155035369641913,0.6317211791560707,0.08456399544704543,0.056914146765880205,-0.07580079772658743,0.07838716142400025,0.09890529091645263,-0.06916383263149979,0.09608044215056903,0.14367360952616823,0.10975417461381387
559,-0.155035369641913,0.6317211791560707,0.08456399544704543,0.056914146765880205,-0.07580079772658743,0.07838716142400025,0.09890529091645263,-0.06916383263149979,0.09608044215056903,0.14367360952616823,0.10975417461381387
560,-0.155035369641913,0.6317211791560707,0.08456399544704543,0.056914146765880205,-0.07580079772658743,0.07838716142400025,0.09890529091645263,-0.06916383263149979,0.09608044215056903,0.14367360952616823,0.10975417461381387
561,-0.155035369641913,0.6317211791560707,0.08456399544704543,0.056914146765880205,-0.07580079772658743,0.07838716142400025,0.09890529091645263,-0.06916383263149979,0.09608044215056903,0.14367360952616823,0.10975417461381387
562,-0.155035369641913,0.6317211791560707,0.08456399544704543,0.056914146765880205,-0.07580079772658743,0.07838716142400025,0.09890529091645263,-0.06916383263149979,0.09608044215056903,0.14367360952616823,0.10975417461381387
563,-0.155035369641913,0.6317211791560707,0.08456399544704543,0.056914146765880205,-0.07580079772658743,0.07838716142400025,0.09890529091645263,-0.06916383263149979,0.09608044215056903,0.14367360952616823,0.10975417461381387
564,-0.155035369641913,0.6317211791560707,0.08456399544704543,0.056914146765880205,-0.07580079772658743,0.07838716142400025,0.09890529091645263,-0.06916383263149979,0.09608044215056903,0.14367360952616823,0.10975417461381387
565,-0.155035369641913,0.6317211791560707,0.08456399544704543,0.056914146765880205,-0.07580079772658743,0.07838716142400025,0.09890529091645263,-0.06916383263149979,0.09608044215056903,0.14367360952616823,0.10975417461381387
566,-0.155035369641913,0.6317211791560707,0.08456399544704543,0.056914146765880205,-0.07580079772658743,0.07838716142400025,0.09890529091645263,-0.06916383263149979,0.09608044215056903,0.14367360952616823,0.10975417461381387
567,-0.155035369641913,0.6317211791560707,0.08456399544704543,0.056914146765880205,-0.07580079772658743,0.07838716142400025,0.09890529091645263,-0.06916383263149979,0.09608044215056903,0.14367360952616823,0.10975417461381387
568,-0.155035369641913,0.6317211791560707,0.08456399544704543,0.056914146765880205,-0.07580079772658743,0.07838716142400025,0.09890529091645263,-0.06916383263149979,0.09608044215056903,0.14367360952616823,0.10975417461381387
569,-0.155035369641913,0.6317211791560707,0.08456399544704543,0.056914146765880205,-0.07580079772658743,0.07838716142400025,0.09890529091645263,-0.06916383263149979,0.09608044215056903,0.14367360952616823,0.10975417461381387
570,-0.155035369641913,0.6317211791560707,0.08456399544704543,0.056914146765880205,-0.07580079772658743,0.07838716142400025,0.09890529091645263,-0.06916383263149979,0.09608044215056903,0.14367360952616823,0.10975417461381387
571,-0.155035369641913,0.6317211791560707,0.08456399544704543,0.056914146765880205,-0.07580079772658743,0.07838716142400025,0.09890529091645263,-0.06916383263149979,0.09608044215056903,0.14367360952616823,0.10975417461381387
572,-0.155035369641913,0.6317211791560707,0.08456399544704543,0.056914146765880205,-0.07580079772658743,0.07838716142400025,0.09890529091645263,-0.06916383263149979,0.09608044215056903,0.14367360952616823,0.10975417461381387
573,-0.155035369641913,0.6317211791560707,0.08456399544704543,0.056914146765880205,-0.07580079772658743,0.07838716142400025,0.09890529091645263,-0.06916383263149979,0.09608044215056903,0.14367360952616823,0.10975417461381387
574,-0.155035369641913,0.6317211791560707,0.08456399544704543,0.056914146765880205,-0.07580079772658743,0.07838716142400025,0.09890529091645263,-0.06916383263149979,0.09608044215056903,0.14367360952616823,0.10975417461381387
575,-0.155035369641913,0.6317211791560707,0.08456399544704543,0.056914146765880205,-0.07580079772658743,0.07838716142400025,0.09890529091645263,-0.06916383263149979,0.09608044215056903,0.14367360952616823,0.10975417461381387
576,-0.155035369641913,0.6317211791560707,0.08456399544704543,0.056914146765880205,-0.07580079772658743,0.07838716142400025,0.09890529091645263,-0.06916383263149979,0.09608044215056903,0.14367360952616823,0.10975417461381387
577,0.22467862373862618,0.07833842480891702,-0.1314617105962406,0.09578368077192576,0.4089857029010141,0.15337719055090637,0.10342259862467021,0.05196637859737727,0.18344740000656315,-0.08633960979749705,-0.08219867960626231
578,0.22467862373862618,0.07833842480891702,-0.1314617105962406,0.09578368077192576,0.4089857029010141,0.15337719055090637,0.10342259862467021,0.05196637859737727,0.18344740000656315,-0.08633960979749705,-0.08219867960626231
579,0.22467862373862618,0.07833842480891702,-0.1314617105962406,0.09578368077192576,0.4089857029010141,0.15337719055090637,0.10342259862467021,0.05196637859737727,0.18344740000656315,-0.08633960979749705,-0.08219867960626231
580,0.22467862373862618,0.07833842480891702,-0.1314617105962406,0.09578368077192576,0.4089857029010141,0.15337719055090637,0.10342259862467021,0.05196637859737727,0.18344740000656315,-0.08633960979749705,-0.08219867960626231
581,0.22467862373862618,0.07833842480891702,-0.1314617105962406,0.09578368077192576,0.4089857029010141,0.15337719055090637,0.10342259862467021,0.05196637859737727,0.18344740000656315,-0.08633960979749705,-0.08219867960626231
582,0.22467862373862618,0.07833842480891702,-0.1314617105962406,0.09578368077192576,0.4089857029010141,0.15337719055090637,0.10342259862467021,0.05196637859737727,0.18344740000656315,-0.08633960979749705,-0.08219867960626231
583,0.22467862373862618,0.07833842480891702,-0.1314617105962406,0.09578368077192576,0.4089857029010141,0.15337719055090637,0.10342259862467021,0.05196637859737727,0.18344740000656315,-0.08633960979749705,-0.08219867960626231
584,0.22467862373862618,0.07833842480891702,-0.1314617105962406,0.09578368077192576,0.4089857029010141,0.15337719055090637,0.10342259862467021,0.05196637859737727,0.18344740000656315,-0.08633960979749705,-0.08219867960626231
585,0.22467862373862618,0.07833842480891702,-0.1314617105962406,0.09578368077192576,0.4089857029010141,0.15337719055090637,0.10342259862467021,0.05196637859737727,0.18344740000656315,-0.08633960979749705,-0.08219867960626231
586,0.22467862373862618,0.07833842480891702,-0.1314617105962406,0.09578368077192576,0.4089857029010141,0.15337719055090637,0.10342259862467021,0.05196637859737727,0.18344740000656315,-0.08633960979749705,-0.08219867960626231
587,0.22467862373862618,0.07833842480891702,-0.1314617105962406,0.09578368077192576,0.4089857029010141,0.15337719055090637,0.10342259862467021,0.05196637859737727,0.18344740000656315,-0.08633960979749705,-0.08219867960626231
588,0.22467862373862618,0.07833842480891702,-0.1314617105962406,0.09578368077192576,0.4089857029010141,0.15337719055090637,0.10342259862467021,0.05196637859737727,0.18344740000656315,-0.08633960979749705,-0.08219867960626231
589,0.22467862373862618,0.07833842480891702,-0.1314617105962406,0.09578368077192576,0.4089857029010141,0.15337719055090637,0.10342259862467021,0.05196637859737727,0.18344740000656315,-0.08633960979749705,-0.08219867960626231
590,0.22467862373862618,0.07833842480891702,-0.1314617105962406,0.09578368077192576,0.4089857029010141,0.15337719055090637,0.10342259862467021,0.05196637859737727,0.18344740000656315,-0.08633960979749705,-0.08219867960626231
591,0.22467862373862618,0.07833842480891702,-0.1314617105962406,0.09578368077192576,0.4089857029010141,0.15337719055090637,0.10342259862467021,0.05196637859737727,0.18344740000656315,-0.08633960979749705,-0.08219867960626231
592,0.22467862373862618,0.07833842480891702,-0.1314617105962406,0.09578368077192576,0.4089857029010141,0.15337719055090637,0.10342259862467021,0.05196637859737727,0.18344740000656315,-0.08633960979749705,-0.08219867960626231
593,0.22467862373862618,0.07833842480891702,-0.1314617105962406,0.09578368077192576,0.4089857029010141,0.15337719055090637,0.10342259862467021,0.05196637859737727,0.18344740000656315,-0.08633960979749705,-0.08219867960626231
594,0.22467862373862618,0.07833842480891702,-0.1314617105962406,0.09578368077192576,0.4089857029010141,0.15337719055090637,0.10342259862467021,0.05196637859737727,0.18344740000656315,-0.08633960979749705,-0.08219867960626231
595,0.22467862373862618,0.07833842480891702,-0.1314617105962406,0.09578368077192576,0.4089857029010141,0.15337719055090637,0.10342259862467021,0.05196637859737727,0.18344740000656315,-0.08633960979749705,-0.08219867960626231
596,0.22467862373862618,0.07833842480891702,-0.1314617105962406,0.09578368077192576,0.4089857029010141,0.15337719055090637,0.10342259862467021,0.05196637859737727,0.18344740000656315,-0.08633960979749705,-0.08219867960626231
597,0.22467862373862618,0.07833842480891702,-0.1314617105962406,0.09578368077192576,0.4089857029010141,0.15337719055090637,0.10342259862467021,0.05196637859737727,0.18344740000656315,-0.08633960979749705,-0.08219867960626231
598,0.22467862373862618,0.07833842480891702,-0.1314617105962406,0.09578368077192576,0.4089857029010141,0.15337719055090637,0.10342259862467021,0.05196637859737727,0.18344740000656315,-0.08633960979749705,-0.08219867960626231
599,0.22467862373862618,0.07833842480891702,-0.1314617105962406,0.09578368077192576,0.4089857029010141,0.15337719055090637,0.10342259862467021,0.05196637859737727,0.18344740000656315,-0.08633960979749705,-0.08219867960626231
600,0.22467862373862618,0.07833842480891702,-0.1314617105962406,0.09578368077192576,0.4089857029010141,0.15337719055090637,0.10342259862467021,0.05196637859737727,0.18344740000656315,-0.08633960979749705,-0.08219867960626231
601,0.22467862373862618,0.07833842480891702,-0.1314617105962406,0.09578368077192576,0.4089857029010141,0.15337719055090637,0.10342259862467021,0.05196637859737727,0.18344740000656315,-0.08633960979749705,-0.08219867960626231
602,0.22467862373862618,0.07833842480891702,-0.1314617105962406,0.09578368077192576,0.4089857029010141,0.15337719055090637,0.10342259862467021,0.05196637859737727,0.18344740000656315,-0.08633960979749705,-0.08219867960626231
603,0.22467862373862618,0.07833842480891702,-0.1314617105962406,0.09578368077192576,0.4089857029010141,0.15337719055090637,0.10342259862467021,0.05196637859737727,0.18344740000656315,-0.08633960979749705,-0.08219867960626231
604,0.22467862373862618,0.07833842480891702,-0.1314617105962406,0.09578368077192576,0.4089857029010141,0.15337719055090637,0.10342259862467021,0.05196637859737727,0.18344740000656315,-0.08633960979749705,-0.08219867960626231
605,0.22467862373862618,0.07833842480891702,-0.1314617105962406,0.09578368077192576,0.4089857029010141,0.15337719055090637,0.10342259862467021,0.05196637859737727,0.18344740000656315,-0.08633960979749705,-0.08219867960626231
606,0.22467862373862618,0.07833842480891702,-0.1314617105962406,0.09578368077192576,0.4089857029010141,0.15337719055090637,0.10342259862467021,0.05196637859737727,0.18344740000656315,-0.08633960979749705,-0.08219867960626231
607,0.22467862373862618,0.07833842480891702,-0.1314617105962406,0.09578368077192576,0.4089857029010141,0.15337719055090637,0.10342259862467021,0.05196637859737727,0.18344740000656315,-0.08633960979749705,-0.08219867960626231
608,-0.08161095611155401,-0.048778686041946906,0.19142973716246295,0.06395273633707078,0.07960200609861552,-5.553852855380849e-08,0.07740439916030097,-0.08013502066624567,0.11083017108821105,0.7767809501533386,-0.08947528164172484
609,-0.08161095611155401,-0.048778686041946906,0.19142973716246295,0.06395273633707078,0.07960200609861552,-5.553852855380849e-08,0.07740439916030097,-0.08013502066624567,0.11083017108821105,0.7767809501533386,-0.08947528164172484
610,-0.08161095611155401,-0.048778686041946906,0.19142973716246295,0.06395273633707078,0.07960200609861552,-5.553852855380849e-08,0.07740439916030097,-0.08013502066624567,0.11083017108821105,0.7767809501533386,-0.08947528164172484
611,-0.08161095611155401,-0.048778686041946906,0.19142973716246295,0.06395273633707078,0.07960200609861552,-5.553852855380849e-08,0.07740439916030097,-0.08013502066624567,0.11083017108821105,0.7767809501533386,-0.08947528164172484
612,-0.08161095611155401,-0.048778686041946906,0.19142973716246295,0.06395273633707078,0.07960200609861552,-5.553852855380849e-08,0.07740439916030097,-0.08013502066624567,0.11083017108821105,0.7767809501533386,-0.08947528164172484
613,-0.08161095611155401,-0.048778686041946906,0.19142973716246295,0.06395273633707078,0.07960200609861552,-5.553852855380849e-08,0.07740439916030097,-0.08013502066624567,0.11083017108821105,0.7767809501533386,-0.08947528164172484
614,-0.08161095611155401,-0.048778686041946906,0.19142973716246295,0.06395273633707078,0.07960200609861552,-5.553852855380849e-08,0.07740439916030097,-0.08013502066624567,0.11083017108821105,0.7767809501533386,-0.08947528164172484
615,-0.08161095611155401,-0.048778686041946906,0.19142973716246295,0.06395273633707078,0.07960200609861552,-5.553852855380849e-08,0.07740439916030097,-0.08013502066624567,0.11083017108821105,0.7767809501533386,-0.08947528164172484
616,-0.08161095611155401,-0.048778686041946906,0.19142973716246295,0.06395273633707078,0.07960200609861552,-5.553852855380849e-08,0.07740439916030097,-0.08013502066624567,0.11083017108821105,0.7767809501533386,-0.08947528164172484
617,-0.08161095611155401,-0.048778686041946906,0.19142973716246295,0.06395273633707078,0.07960200609861552,-5.553852855380849e-08,0.07740439916030097,-0.08013502066624567,0.11083017108821105,0.7767809501533386,-0.08947528164172484
618,-0.08161095611155401,-0.048778686041946906,0.19142973716246295,0.06395273633707078,0.07960200609861552,-5.553852855380849e-08,0.07740439916030097,-0.08013502066624567,0.11083017108821105,0.7767809501533386,-0.08947528164172484
619,-0.08161095611155401,-0.048778686041946906,0.19142973716246295,0.06395273633707078,0.07960200609861552,-5.553852855380849e-08,0.07740439916030097,-0.08013502066624567,0.11083017108821105,0.7767809501533386,-0.08947528164172484
620,-0.08161095611155401,-0.048778686041946906,0.19142973716246295,0.06395273633707078,0.07960200609861552,-5.553852855380849e-08,0.07740439916030097,-0.08013502066624567,0.11083017108821105,0.7767809501533386,-0.08947528164172484
621,-0.08161095611155401,-0.048778686041946906,0.19142973716246295,0.06395273633707078,0.07960200609861552,-5.553852855380849e-08,0.07740439916030097,-0.08013502066624567,0.11083017108821105,0.7767809501533386,-0.08947528164172484
622,-0.08161095611155401,-0.048778686041946906,0.19142973716246295,0.06395273633707078,0.07960200609861552,-5.553852855380849e-08,0.07740439916030097,-0.08013502066624567,0.11083017108821105,0.7767809501533386,-0.08947528164172484
623,-0.08161095611155401,-0.048778686041946906,0.19142973716246295,0.06395273633707078,0.07960200609861552,-5.553852855380849e-08,0.07740439916030097,-0.08013502066624567,0.11083017108821105,0.7767809501533386,-0.08947528164172484
624,-0.08161095611155401,-0.048778686041946906,0.19142973716246295,0.06395273633707078,0.07960200609861552,-5.553852855380849e-08,0.07740439916030097,-0.08013502066624567,0.11083017108821105,0.7767809501533386,-0.08947528164172484
625,-0.08161095611155401,-0.048778686041946906,0.19142973716246295,0.06395273633707078,0.07960200609861552,-5.553852855380849e-08,0.07740439916030097,-0.08013502066624567,0.11083017108821105,0.7767809501533386,-0.08947528164172484
626,-0.08161095611155401,-0.048778686041946906,0.19142973716246295,0.06395273633707078,0.07960200609861552,-5.553852855380849e-08,0.07740439916030097,-0.08013502066624567,0.11083017108821105,0.7767809501533386,-0.08947528164172484
627,-0.08161095611155401,-0.048778686041946906,0.19142973716246295,0.06395273633707078,0.07960200609861552,-5.553852855380849e-08,0.07740439916030097,-0.08013502066624567,0.11083017108821105,0.7767809501533386,-0.08947528164172484
628,-0.08161095611155401,-0.048778686041946906,0.19142973716246295,0.06395273633707078,0.07960200609861552,-5.553852855380849e-08,0.07740439916030097,-0.08013502066624567,0.11083017108821105,0.7767809501533386,-0.08947528164172484
629,-0.08161095611155401,-0.048778686041946906,0.19142973716246295,0.06395273633707078,0.07960200609861552,-5.553852855380849e-08,0.07740439916030097,-0.08013502066624567,0.11083017108821105,0.7767809501533386,-0.08947528164172484
630,-0.08161095611155401,-0.048778686041946906,0.19142973716246295,0.06395273633707078,0.07960200609861552,-5.553852855380849e-08,0.07740439916030097,-0.08013502066624567,0.11083017108821105,0.7767809501533386,-0.08947528164172484
631,-0.08161095611155401,-0.048778686041946906,0.19142973716246295,0.06395273633707078,0.07960200609861552,-5.553852855380849e-08,0.07740439916030097,-0.08013502066624567,0.11083017108821105,0.7767809501533386,-0.08947528164172484
632,-0.08161095611155401,-0.048778686041946906,0.19142973716246295,0.06395273633707078,0.07960200609861552,-5.553852855380849e-08,0.07740439916030097,-0.08013502066624567,0.11083017108821105,0.7767809501533386,-0.08947528164172484
633,-0.08161095611155401,-0.048778686041946906,0.19142973716246295,0.06395273633707078,0.07960200609861552,-5.553852855380849e-08,0.07740439916030097,-0.08013502066624567,0.11083017108821105,0.7767809501533386,-0.08947528164172484
634,-0.08161095611155401,-0.048778686041946906,0.19142973716246295,0.06395273633707078,0.07960200609861552,-5.553852855380849e-08,0.07740439916030097,-0.08013502066624567,0.11083017108821105,0.7767809501533386,-0.08947528164172484
635,-0.08161095611155401,-0.048778686041946906,0.19142973716246295,0.06395273633707078,0.07960200609861552,-5.553852855380849e-08,0.07740439916030097,-0.08013502066624567,0.11083017108821105,0.7767809501533386,-0.08947528164172484
636,-0.08161095611155401,-0.048778686041946906,0.19142973716246295,0.06395273633707078,0.07960200609861552,-5.553852855380849e-08,0.07740439916030097,-0.08013502066624567,0.11083017108821105,0.7767809501533386,-0.08947528164172484
637,-0.08161095611155401,-0.048778686041946906,0.19142973716246295,0.06395273633707078,0.07960200609861552,-5.553852855380849e-08,0.07740439916030097,-0.08013502066624567,0.11083017108821105,0.7767809501533386,-0.08947528164172484
638,0.12967554556404742,-0.035215234295221665,0.07531645729319084,-0.1308729062740376,0.024875284611079584,-0.059495824586215364,0.9394878204353144,0.06368348069104598,-0.07441603484452534,0.029129721238257487,0.037831690167064405
639,0.12967554556404742,-0.035215234295221665,0.07531645729319084,-0.1308729062740376,0.024875284611079584,-0.059495824586215364,0.9394878204353144,0.06368348069104598,-0.07441603484452534,0.029129721238257487,0.037831690167064405
640,0.12967554556404742,-0.035215234295221665,0.07531645729319084,-0.1308729062740376,0.024875284611079584,-0.059495824586215364,0.9394878204353144,0.06368348069104598,-0.07441603484452534,0.029129721238257487,0.037831690167064405
641,0.12967554556404742,-0.035215234295221665,0.07531645729319084,-0.1308729062740376,0.024875284611079584,-0.059495824586215364,0.9394878204353144,0.06368348069104598,-0.07441603484452534,0.029129721238257487,0.037831690167064405
642,0.12967554556404742,-0.035215234295221665,0.07531645729319084,-0.1308729062740376,0.024875284611079584,-0.059495824586215364,0.9394878204353144,0.06368348069104598,-0.07441603484452534,0.029129721238257487,0.037831690167064405
643,0.12967554556404742,-0.035215234295221665,0.07531645729319084,-0.1308729062740376,0.024875284611079584,-0.059495824586215364,0.9394878204353144,0.06368348069104598,-0.07441603484452534,0.029129721238257487,0.037831690167064405
644,0.12967554556404742,-0.035215234295221665,0.07531645729319084,-0.1308729062740376,0.024875284611079584,-0.059495824586215364,0.9394878204353144,0.06368348069104598,-0.07441603484452534,0.029129721238257487,0.037831690167064405
645,0.12967554556404742,-0.035215234295221665,0.07531645729319084,-0.1308729062740376,0.024875284611079584,-0.059495824586215364,0.9394878204353144,0.06368348069104598,-0.07441603484452534,0.029129721238257487,0.037831690167064405
646,0.12967554556404742,-0.035215234295221665,0.07531645729319084,-0.1308729062740376,0.024875284611079584,-0.059495824586215364,0.9394878204353144,0.06368348069104598,-0.07441603484452534,0.029129721238257487,0.037831690167064405
647,0.12967554556404742,-0.035215234295221665,0.07531645729319084,-0.1308729062740376,0.024875284611079584,-0.059495824586215364,0.9394878204353144,0.06368348069104598,-0.07441603484452534,0.029129721238257487,0.037831690167064405
648,0.12967554556404742,-0.035215234295221665,0.07531645729319084,-0.1308729062740376,0.024875284611079584,-0.059495824586215364,0.9394878204353144,0.06368348069104598,-0.07441603484452534,0.029129721238257487,0.037831690167064405
649,0.12967554556404742,-0.035215234295221665,0.07531645729319084,-0.1308729062740376,0.024875284611079584,-0.059495824586215364,0.9394878204353144,0.06368348069104598,-0.07441603484452534,0.029129721238257487,0.037831690167064405
650,0.12967554556404742,-0.035215234295221665,0.07531645729319084,-0.1308729062740376,0.024875284611079584,-0.059495824586215364,0.9394878204353144,0.06368348069104598,-0.07441603484452534,0.029129721238257487,0.037831690167064405
651,0.12967554556404742,-0.035215234295221665,0.07531645729319084,-0.1308729062740376,0.024875284611079584,-0.059495824586215364,0.9394878204353144,0.06368348069104598,-0.07441603484452534,0.029129721238257487,0.037831690167064405
652,0.12967554556404742,-0.035215234295221665,0.07531645729319084,-0.1308729062740376,0.024875284611079584,-0.059495824586215364,0.9394878204353144,0.06368348069104598,-0.07441603484452534,0.029129721238257487,0.037831690167064405
653,0.12967554556404742,-0.035215234295221665,0.07531645729319084,-0.1308729062740376,0.024875284611079584,-0.059495824586215364,0.9394878204353144,0.06368348069104598,-0.07441603484452534,0.029129721238257487,0.037831690167064405
654,0.12967554556404742,-0.035215234295221665,0.07531645729319084,-0.1308729062740376,0.024875284611079584,-0.059495824586215364,0.9394878204353144,0.06368348069104598,-0.07441603484452534,0.029129721238257487,0.037831690167064405
655,0.12967554556404742,-0.035215234295221665,0.07531645729319084,-0.1308729062740376,0.024875284611079584,-0.059495824586215364,0.9394878204353144,0.06368348069104598,-0.07441603484452534,0.029129721238257487,0.037831690167064405
656,0.12967554556404742,-0.035215234295221665,0.07531645729319084,-0.1308729062740376,0.024875284611079584,-0.059495824586215364,0.9394878204353144,0.06368348069104598,-0.07441603484452534,0.029129721238257487,0.037831690167064405
657,0.12967554556404742,-0.035215234295221665,0.07531645729319084,-0.1308729062740376,0.024875284611079584,-0.059495824586215364,0.9394878204353144,0.06368348069104598,-0.07441603484452534,0.029129721238257487,0.037831690167064405
658,0.12967554556404742,-0.035215234295221665,0.07531645729319084,-0.1308729062740376,0.024875284611079584,-0.059495824586215364,0.9394878204353144,0.06368348069104598,-0.07441603484452534,0.029129721238257487,0.037831690167064405
659,0.12967554556404742,-0.035215234295221665,0.07531645729319084,-0.1308729062740376,0.024875284611079584,-0.059495824586215364,0.9394878204353144,0.06368348069104598,-0.07441603484452534,0.029129721238257487,0.037831690167064405
660,0.12967554556404742,-0.035215234295221665,0.07531645729319084,-0.1308729062740376,0.024875284611079584,-0.059495824586215364,0.9394878204353144,0.06368348069104598,-0.07441603484452534,0.029129721238257487,0.037831690167064405
661,0.12967554556404742,-0.035215234295221665,0.07531645729319084,-0.1308729062740376,0.024875284611079584,-0.059495824586215364,0.9394878204353144,0.06368348069104598,-0.07441603484452534,0.029129721238257487,0.037831690167064405
662,0.12967554556404742,-0.035215234295221665,0.07531645729319084,-0.1308729062740376,0.024875284611079584,-0.059495824586215364,0.9394878204353144,0.06368348069104598,-0.07441603484452534,0.029129721238257487,0.037831690167064405
663,0.12967554556404742,-0.035215234295221665,0.07531645729319084,-0.1308729062740376,0.024875284611079584,-0.059495824586215364,0.9394878204353144,0.06368348069104598,-0.07441603484452534,0.029129721238257487,0.037831690167064405
664,0.12967554556404742,-0.035215234295221665,0.07531645729319084,-0.1308729062740376,0.024875284611079584,-0.059495824586215364,0.9394878204353144,0.06368348069104598,-0.07441603484452534,0.029129721238257487,0.037831690167064405
665,0.12967554556404742,-0.035215234295221665,0.07531645729319084,-0.1308729062740376,0.024875284611079584,-0.059495824586215364,0.9394878204353144,0.06368348069104598,-0.07441603484452534,0.029129721238257487,0.037831690167064405
666,0.12967554556404742,-0.035215234295221665,0.07531645729319084,-0.1308729062740376,0.024875284611079584,-0.059495824586215364,0.9394878204353144,0.06368348069104598,-0.07441603484452534,0.029129721238257487,0.037831690167064405
667,0.12967554556404742,-0.035215234295221665,0.07531645729319084,-0.1308729062740376,0.024875284611079584,-0.059495824586215364,0.9394878204353144,0.06368348069104598,-0.07441603484452534,0.029129721238257487,0.037831690167064405
668,0.12967554556404742,-0.035215234295221665,0.07531645729319084,-0.1308729062740376,0.024875284611079584,-0.059495824586215364,0.9394878204353144,0.06368348069104598,-0.07441603484452534,0.029129721238257487,0.037831690167064405
669,0.050913061920931965,0.04751549738170982,0.12849075434835472,0.02828190924729999,0.11196039572101697,0.05919050703674067,0.07135667947443436,0.06893082966067943,0.144238618997836,0.04778911318017726,0.24133263303081878
670,0.050913061920931965,0.04751549738170982,0.12849075434835472,0.02828190924729999,0.11196039572101697,0.05919050703674067,0.07135667947443436,0.06893082966067943,0.144238618997836,0.04778911318017726,0.24133263303081878
671,0.050913061920931965,0.04751549738170982,0.12849075434835472,0.02828190924729999,0.11196039572101697,0.05919050703674067,0.07135667947443436,0.06893082966067943,0.144238618997836,0.04778911318017726,0.24133263303081878
672,0.050913061920931965,0.04751549738170982,0.12849075434835472,0.02828190924729999,0.11196039572101697,0.05919050703674067,0.07135667947443436,0.06893082966067943,0.144238618997836,0.04778911318017726,0.24133263303081878
673,0.050913061920931965,0.04751549738170982,0.12849075434835472,0.02828190924729999,0.11196039572101697,0.05919050703674067,0.07135667947443436,0.06893082966067943,0.144238618997836,0.04778911318017726,0.24133263303081878
674,0.050913061920931965,0.04751549738170982,0.12849075434835472,0.02828190924729999,0.11196039572101697,0.05919050703674067,0.07135667947443436,0.06893082966067943,0.144238618997836,0.04778911318017726,0.24133263303081878
675,0.050913061920931965,0.04751549738170982,0.12849075434835472,0.02828190924729999,0.11196039572101697,0.05919050703674067,0.07135667947443436,0.06893082966067943,0.144238618997836,0.04778911318017726,0.24133263303081878
676,0.050913061920931965,0.04751549738170982,0.12849075434835472,0.02828190924729999,0.11196039572101697,0.05919050703674067,0.07135667947443436,0.06893082966067943,0.144238618997836,0.04778911318017726,0.24133263303081878
677,0.050913061920931965,0.04751549738170982,0.12849075434835472,0.02828190924729999,0.11196039572101697,0.05919050703674067,0.07135667947443436,0.06893082966067943,0.144238618997836,0.04778911318017726,0.24133263303081878
678,0.050913061920931965,0.04751549738170982,0.12849075434835472,0.02828190924729999,0.11196039572101697,0.05919050703674067,0.07135667947443436,0.06893082966067943,0.144238618997836,0.04778911318017726,0.24133263303081878
679,0.050913061920931965,0.04751549738170982,0.12849075434835472,0.02828190924729999,0.11196039572101697,0.05919050703674067,0.07135667947443436,0.06893082966067943,0.144238618997836,0.04778911318017726,0.24133263303081878
680,0.050913061920931965,0.04751549738170982,0.12849075434835472,0.02828190924729999,0.11196039572101697,0.05919050703674067,0.07135667947443436,0.06893082966067943,0.144238618997836,0.04778911318017726,0.24133263303081878
681,0.050913061920931965,0.04751549738170982,0.12849075434835472,0.02828190924729999,0.11196039572101697,0.05919050703674067,0.07135667947443436,0.06893082966067943,0.144238618997836,0.04778911318017726,0.24133263303081878
682,0.050913061920931965,0.04751549738170982,0.12849075434835472,0.02828190924729999,0.11196039572101697,0.05919050703674067,0.07135667947443436,0.06893082966067943,0.144238618997836,0.04778911318017726,0.24133263303081878
683,0.050913061920931965,0.04751549738170982,0.12849075434835472,0.02828190924729999,0.11196039572101697,0.05919050703674067,0.07135667947443436,0.06893082966067943,0.144238618997836,0.04778911318017726,0.24133263303081878
684,0.050913061920931965,0.04751549738170982,0.12849075434835472,0.02828190924729999,0.11196039572101697,0.05919050703674067,0.07135667947443436,0.06893082966067943,0.144238618997836,0.04778911318017726,0.24133263303081878
685,0.050913061920931965,0.04751549738170982,0.12849075434835472,0.02828190924729999,0.11196039572101697,0.05919050703674067,0.07135667947443436,0.06893082966067943,0.144238618997836,0.04778911318017726,0.24133263303081878
686,0.050913061920931965,0.04751549738170982,0.12849075434835472,0.02828190924729999,0.11196039572101697,0.05919050703674067,0.07135667947443436,0.06893082966067943,0.144238618997836,0.04778911318017726,0.24133263303081878
687,0.050913061920931965,0.04751549738170982,0.12849075434835472,0.02828190924729999,0.11196039572101697,0.05919050703674067,0.07135667947443436,0.06893082966067943,0.144238618997836,0.04778911318017726,0.24133263303081878
688,0.050913061920931965,0.04751549738170982,0.12849075434835472,0.02828190924729999,0.11196039572101697,0.05919050703674067,0.07135667947443436,0.06893082966067943,0.144238618997836,0.04778911318017726,0.24133263303081878
689,0.050913061920931965,0.04751549738170982,0.12849075434835472,0.02828190924729999,0.11196039572101697,0.05919050703674067,0.07135667947443436,0.06893082966067943,0.144238618997836,0.04778911318017726,0.24133263303081878
690,0.050913061920931965,0.04751549738170982,0.12849075434835472,0.02828190924729999,0.11196039572101697,0.05919050703674067,0.07135667947443436,0.06893082966067943,0.144238618997836,0.04778911318017726,0.24133263303081878
691,0.050913061920931965,0.04751549738170982,0.12849075434835472,0.02828190924729999,0.11196039572101697,0.05919050703674067,0.07135667947443436,0.06893082966067943,0.144238618997836,0.04778911318017726,0.24133263303081878
692,0.050913061920931965,0.04751549738170982,0.12849075434835472,0.02828190924729999,0.11196039572101697,0.05919050703674067,0.07135667947443436,0.06893082966067943,0.144238618997836,0.04778911318017726,0.24133263303081878
693,0.050913061920931965,0.04751549738170982,0.12849075434835472,0.02828190924729999,0.11196039572101697,0.05919050703674067,0.07135667947443436,0.06893082966067943,0.144238618997836,0.04778911318017726,0.24133263303081878
694,0.050913061920931965,0.04751549738170982,0.12849075434835472,0.02828190924729999,0.11196039572101697,0.05919050703674067,0.07135667947443436,0.06893082966067943,0.144238618997836,0.04778911318017726,0.24133263303081878
695,0.050913061920931965,0.04751549738170982,0.12849075434835472,0.02828190924729999,0.11196039572101697,0.05919050703674067,0.07135667947443436,0.06893082966067943,0.144238618997836,0.04778911318017726,0.24133263303081878
696,0.050913061920931965,0.04751549738170982,0.12849075434835472,0.02828190924729999,0.11196039572101697,0.05919050703674067,0.07135667947443436,0.06893082966067943,0.144238618997836,0.04778911318017726,0.24133263303081878
697,0.050913061920931965,0.04751549738170982,0.12849075434835472,0.02828190924729999,0.11196039572101697,0.05919050703674067,0.07135667947443436,0.06893082966067943,0.144238618997836,0.04778911318017726,0.24133263303081878
698,0.050913061920931965,0.04751549738170982,0.12849075434835472,0.02828190924729999,0.11196039572101697,0.05919050703674067,0.07135667947443436,0.06893082966067943,0.144238618997836,0.04778911318017726,0.24133263303081878
699,0.044198905758706004,0.03417588618111258,0.08165843931156652,0.11885517033918135,0.05831626745233931,0.05177858192192846,0.038836908505170915,0.03129447898554848,0.06440032129474751,0.040293636586331893,0.436191403663367
700,0.044198905758706004,0.03417588618111258,0.08165843931156652,0.11885517033918135,0.05831626745233931,0.05177858192192846,0.038836908505170915,0.03129447898554848,0.06440032129474751,0.040293636586331893,0.436191403663367
701,0.044198905758706004,0.03417588618111258,0.08165843931156652,0.11885517033918135,0.05831626745233931,0.05177858192192846,0.038836908505170915,0.03129447898554848,0.06440032129474751,0.040293636586331893,0.436191403663367
702,0.044198905758706004,0.03417588618111258,0.08165843931156652,0.11885517033918135,0.05831626745233931,0.05177858192192846,0.038836908505170915,0.03129447898554848,0.06440032129474751,0.040293636586331893,0.436191403663367
703,0.044198905758706004,0.03417588618111258,0.08165843931156652,0.11885517033918135,0.05831626745233931,0.05177858192192846,0.038836908505170915,0.03129447898554848,0.06440032129474751,0.040293636586331893,0.436191403663367
704,0.044198905758706004,0.03417588618111258,0.08165843931156652,0.11885517033918135,0.05831626745233931,0.05177858192192846,0.038836908505170915,0.03129447898554848,0.06440032129474751,0.040293636586331893,0.436191403663367
705,0.044198905758706004,0.03417588618111258,0.08165843931156652,0.11885517033918135,0.05831626745233931,0.05177858192192846,0.038836908505170915,0.03129447898554848,0.06440032129474751,0.040293636586331893,0.436191403663367
706,0.044198905758706004,0.03417588618111258,0.08165843931156652,0.11885517033918135,0.05831626745233931,0.05177858192192846,0.038836908505170915,0.03129447898554848,0.06440032129474751,0.040293636586331893,0.436191403663367
707,0.044198905758706004,0.03417588618111258,0.08165843931156652,0.11885517033918135,0.05831626745233931,0.05177858192192846,0.038836908505170915,0.03129447898554848,0.06440032129474751,0.040293636586331893,0.436191403663367
708,0.044198905758706004,0.03417588618111258,0.08165843931156652,0.11885517033918135,0.05831626745233931,0.05177858192192846,0.038836908505170915,0.03129447898554848,0.06440032129474751,0.040293636586331893,0.436191403663367
709,0.044198905758706004,0.03417588618111258,0.08165843931156652,0.11885517033918135,0.05831626745233931,0.05177858192192846,0.038836908505170915,0.03129447898554848,0.06440032129474751,0.040293636586331893,0.436191403663367
710,0.044198905758706004,0.03417588618111258,0.08165843931156652,0.11885517033918135,0.05831626745233931,0.05177858192192846,0.038836908505170915,0.03129447898554848,0.06440032129474751,0.040293636586331893,0.436191403663367
711,0.044198905758706004,0.03417588618111258,0.08165843931156652,0.11885517033918135,0.05831626745233931,0.05177858192192846,0.038836908505170915,0.03129447898554848,0.06440032129474751,0.040293636586331893,0.436191403663367
712,0.044198905758706004,0.03417588618111258,0.08165843931156652,0.11885517033918135,0.05831626745233931,0.05177858192192846,0.038836908505170915,0.03129447898554848,0.06440032129474751,0.040293636586331893,0.436191403663367
713,0.044198905758706004,0.03417588618111258,0.08165843931156652,0.11885517033918135,0.05831626745233931,0.05177858192192846,0.038836908505170915,0.03129447898554848,0.06440032129474751,0.040293636586331893,0.436191403663367
714,0.044198905758706004,0.03417588618111258,0.08165843931156652,0.11885517033918135,0.05831626745233931,0.05177858192192846,0.038836908505170915,0.03129447898554848,0.06440032129474751,0.040293636586331893,0.436191403663367
715,0.044198905758706004,0.03417588618111258,0.08165843931156652,0.11885517033918135,0.05831626745233931,0.05177858192192846,0.038836908505170915,0.03129447898554848,0.06440032129474751,0.040293636586331893,0.436191403663367
716,0.044198905758706004,0.03417588618111258,0.08165843931156652,0.11885517033918135,0.05831626745233931,0.05177858192192846,0.038836908505170915,0.03129447898554848,0.06440032129474751,0.040293636586331893,0.436191403663367
717,0.044198905758706004,0.03417588618111258,0.08165843931156652,0.11885517033918135,0.05831626745233931,0.05177858192192846,0.038836908505170915,0.03129447898554848,0.06440032129474751,0.040293636586331893,0.436191403663367
718,0.044198905758706004,0.03417588618111258,0.08165843931156652,0.11885517033918135,0.05831626745233931,0.05177858192192846,0.038836908505170915,0.03129447898554848,0.06440032129474751,0.040293636586331893,0.436191403663367
719,0.044198905758706004,0.03417588618111258,0.08165843931156652,0.11885517033918135,0.05831626745233931,0.05177858192192846,0.038836908505170915,0.03129447898554848,0.06440032129474751,0.040293636586331893,0.436191403663367
720,0.044198905758706004,0.03417588618111258,0.08165843931156652,0.11885517033918135,0.05831626745233931,0.05177858192192846,0.038836908505170915,0.03129447898554848,0.06440032129474751,0.040293636586331893,0.436191403663367
721,0.044198905758706004,0.03417588618111258,0.08165843931156652,0.11885517033918135,0.05831626745233931,0.05177858192192846,0.038836908505170915,0.03129447898554848,0.06440032129474751,0.040293636586331893,0.436191403663367
722,0.044198905758706004,0.03417588618111258,0.08165843931156652,0.11885517033918135,0.05831626745233931,0.05177858192192846,0.038836908505170915,0.03129447898554848,0.06440032129474751,0.040293636586331893,0.436191403663367
723,0.044198905758706004,0.03417588618111258,0.08165843931156652,0.11885517033918135,0.05831626745233931,0.05177858192192846,0.038836908505170915,0.03129447898554848,0.06440032129474751,0.040293636586331893,0.436191403663367
724,0.044198905758706004,0.03417588618111258,0.08165843931156652,0.11885517033918135,0.05831626745233931,0.05177858192192846,0.038836908505170915,0.03129447898554848,0.06440032129474751,0.040293636586331893,0.436191403663367
725,0.044198905758706004,0.03417588618111258,0.08165843931156652,0.11885517033918135,0.05831626745233931,0.05177858192192846,0.038836908505170915,0.03129447898554848,0.06440032129474751,0.040293636586331893,0.436191403663367
726,0.044198905758706004,0.03417588618111258,0.08165843931156652,0.11885517033918135,0.05831626745233931,0.05177858192192846,0.038836908505170915,0.03129447898554848,0.06440032129474751,0.040293636586331893,0.436191403663367
727,0.044198905758706004,0.03417588618111258,0.08165843931156652,0.11885517033918135,0.05831626745233931,0.05177858192192846,0.038836908505170915,0.03129447898554848,0.06440032129474751,0.040293636586331893,0.436191403663367
728,0.044198905758706004,0.03417588618111258,0.08165843931156652,0.11885517033918135,0.05831626745233931,0.05177858192192846,0.038836908505170915,0.03129447898554848,0.06440032129474751,0.040293636586331893,0.436191403663367
729,0.044198905758706004,0.03417588618111258,0.08165843931156652,0.11885517033918135,0.05831626745233931,0.05177858192192846,0.038836908505170915,0.03129447898554848,0.06440032129474751,0.040293636586331893,0.436191403663367
730,0.2627095398145368,-0.19466907010375264,0.09311595730969648,0.06084872715233573,0.10605147303578477,0.2942286547160545,0.10200268129373012,-0.10533092989624739,0.24200043192952272,0.10318288819568092,0.035859646552657914
731,0.2627095398145368,-0.19466907010375264,0.09311595730969648,0.06084872715233573,0.10605147303578477,0.2942286547160545,0.10200268129373012,-0.10533092989624739,0.24200043192952272,0.10318288819568092,0.035859646552657914
732,0.2627095398145368,-0.19466907010375264,0.09311595730969648,0.06084872715233573,0.10605147303578477,0.2942286547160545,0.10200268129373012,-0.10533092989624739,0.24200043192952272,0.10318288819568092,0.035859646552657914
733,0.2627095398145368,-0.19466907010375264,0.09311595730969648,0.06084872715233573,0.10605147303578477,0.2942286547160545,0.10200268129373012,-0.10533092989624739,0.24200043192952272,0.10318288819568092,0.035859646552657914
734,0.2627095398145368,-0.19466907010375264,0.09311595730969648,0.06084872715233573,0.10605147303578477,0.2942286547160545,0.10200268129373012,-0.10533092989624739,0.24200043192952272,0.10318288819568092,0.035859646552657914
735,0.2627095398145368,-0.19466907010375264,0.09311595730969648,0.06084872715233573,0.10605147303578477,0.2942286547160545,0.10200268129373012,-0.10533092989624739,0.24200043192952272,0.10318288819568092,0.035859646552657914
736,0.2627095398145368,-0.19466907010375264,0.09311595730969648,0.06084872715233573,0.10605147303578477,0.2942286547160545,0.10200268129373012,-0.10533092989624739,0.24200043192952272,0.10318288819568092,0.035859646552657914
737,0.2627095398145368,-0.19466907010375264,0.09311595730969648,0.06084872715233573,0.10605147303578477,0.2942286547160545,0.10200268129373012,-0.10533092989624739,0.24200043192952272,0.10318288819568092,0.035859646552657914
738,0.2627095398145368,-0.19466907010375264,0.09311595730969648,0.06084872715233573,0.10605147303578477,0.2942286547160545,0.10200268129373012,-0.10533092989624739,0.24200043192952272,0.10318288819568092,0.035859646552657914
739,0.2627095398145368,-0.19466907010375264,0.09311595730969648,0.06084872715233573,0.10605147303578477,0.2942286547160545,0.10200268129373012,-0.10533092989624739,0.24200043192952272,0.10318288819568092,0.035859646552657914
740,0.2627095398145368,-0.19466907010375264,0.09311595730969648,0.06084872715233573,0.10605147303578477,0.2942286547160545,0.10200268129373012,-0.10533092989624739,0.24200043192952272,0.10318288819568092,0.035859646552657914
741,0.2627095398145368,-0.19466907010375264,0.09311595730969648,0.06084872715233573,0.10605147303578477,0.2942286547160545,0.10200268129373012,-0.10533092989624739,0.24200043192952272,0.10318288819568092,0.035859646552657914
742,0.2627095398145368,-0.19466907010375264,0.09311595730969648,0.06084872715233573,0.10605147303578477,0.2942286547160545,0.10200268129373012,-0.10533092989624739,0.24200043192952272,0.10318288819568092,0.035859646552657914
743,0.2627095398145368,-0.19466907010375264,0.09311595730969648,0.06084872715233573,0.10605147303578477,0.2942286547160545,0.10200268129373012,-0.10533092989624739,0.24200043192952272,0.10318288819568092,0.035859646552657914
744,0.2627095398145368,-0.19466907010375264,0.09311595730969648,0.06084872715233573,0.10605147303578477,0.2942286547160545,0.10200268129373012,-0.10533092989624739,0.24200043192952272,0.10318288819568092,0.035859646552657914
745,0.2627095398145368,-0.19466907010375264,0.09311595730969648,0.06084872715233573,0.10605147303578477,0.2942286547160545,0.10200268129373012,-0.10533092989624739,0.24200043192952272,0.10318288819568092,0.035859646552657914
746,0.2627095398145368,-0.19466907010375264,0.09311595730969648,0.06084872715233573,0.10605147303578477,0.2942286547160545,0.10200268129373012,-0.10533092989624739,0.24200043192952272,0.10318288819568092,0.035859646552657914
747,0.2627095398145368,-0.19466907010375264,0.09311595730969648,0.06084872715233573,0.10605147303578477,0.2942286547160545,0.10200268129373012,-0.10533092989624739,0.24200043192952272,0.10318288819568092,0.035859646552657914
748,0.2627095398145368,-0.19466907010375264,0.09311595730969648,0.06084872715233573,0.10605147303578477,0.2942286547160545,0.10200268129373012,-0.10533092989624739,0.24200043192952272,0.10318288819568092,0.035859646552657914
749,0.2627095398145368,-0.19466907010375264,0.09311595730969648,0.06084872715233573,0.10605147303578477,0.2942286547160545,0.10200268129373012,-0.10533092989624739,0.24200043192952272,0.10318288819568092,0.035859646552657914
750,0.2627095398145368,-0.19466907010375264,0.09311595730969648,0.06084872715233573,0.10605147303578477,0.2942286547160545,0.10200268129373012,-0.10533092989624739,0.24200043192952272,0.10318288819568092,0.035859646552657914
751,0.2627095398145368,-0.19466907010375264,0.09311595730969648,0.06084872715233573,0.10605147303578477,0.2942286547160545,0.10200268129373012,-0.10533092989624739,0.24200043192952272,0.10318288819568092,0.035859646552657914
752,0.2627095398145368,-0.19466907010375264,0.09311595730969648,0.06084872715233573,0.10605147303578477,0.2942286547160545,0.10200268129373012,-0.10533092989624739,0.24200043192952272,0.10318288819568092,0.035859646552657914
753,0.2627095398145368,-0.19466907010375264,0.09311595730969648,0.06084872715233573,0.10605147303578477,0.2942286547160545,0.10200268129373012,-0.10533092989624739,0.24200043192952272,0.10318288819568092,0.035859646552657914
754,0.2627095398145368,-0.19466907010375264,0.09311595730969648,0.06084872715233573,0.10605147303578477,0.2942286547160545,0.10200268129373012,-0.10533092989624739,0.24200043192952272,0.10318288819568092,0.035859646552657914
755,0.2627095398145368,-0.19466907010375264,0.09311595730969648,0.06084872715233573,0.10605147303578477,0.2942286547160545,0.10200268129373012,-0.10533092989624739,0.24200043192952272,0.10318288819568092,0.035859646552657914
756,0.2627095398145368,-0.19466907010375264,0.09311595730969648,0.06084872715233573,0.10605147303578477,0.2942286547160545,0.10200268129373012,-0.10533092989624739,0.24200043192952272,0.10318288819568092,0.035859646552657914
757,0.2627095398145368,-0.19466907010375264,0.09311595730969648,0.06084872715233573,0.10605147303578477,0.2942286547160545,0.10200268129373012,-0.10533092989624739,0.24200043192952272,0.10318288819568092,0.035859646552657914
758,0.2627095398145368,-0.19466907010375264,0.09311595730969648,0.06084872715233573,0.10605147303578477,0.2942286547160545,0.10200268129373012,-0.10533092989624739,0.24200043192952272,0.10318288819568092,0.035859646552657914
759,0.2627095398145368,-0.19466907010375264,0.09311595730969648,0.06084872715233573,0.10605147303578477,0.2942286547160545,0.10200268129373012,-0.10533092989624739,0.24200043192952272,0.10318288819568092,0.035859646552657914
760,0.2627095398145368,-0.19466907010375264,0.09311595730969648,0.06084872715233573,0.10605147303578477,0.2942286547160545,0.10200268129373012,-0.10533092989624739,0.24200043192952272,0.10318288819568092,0.035859646552657914
761,0.3136165725200274,0.11342384398410142,0.2282457438047888,0.13345117862878977,0.08672282884614542,0.1177519842852503,0.10495551637608765,0.09109401990239854,0.11073831165241074,-0.12686549728355725,-0.17313450271644273
762,0.3136165725200274,0.11342384398410142,0.2282457438047888,0.13345117862878977,0.08672282884614542,0.1177519842852503,0.10495551637608765,0.09109401990239854,0.11073831165241074,-0.12686549728355725,-0.17313450271644273
763,0.3136165725200274,0.11342384398410142,0.2282457438047888,0.13345117862878977,0.08672282884614542,0.1177519842852503,0.10495551637608765,0.09109401990239854,0.11073831165241074,-0.12686549728355725,-0.17313450271644273
764,0.3136165725200274,0.11342384398410142,0.2282457438047888,0.13345117862878977,0.08672282884614542,0.1177519842852503,0.10495551637608765,0.09109401990239854,0.11073831165241074,-0.12686549728355725,-0.17313450271644273
765,0.3136165725200274,0.11342384398410142,0.2282457438047888,0.13345117862878977,0.08672282884614542,0.1177519842852503,0.10495551637608765,0.09109401990239854,0.11073831165241074,-0.12686549728355725,-0.17313450271644273
766,0.3136165725200274,0.11342384398410142,0.2282457438047888,0.13345117862878977,0.08672282884614542,0.1177519842852503,0.10495551637608765,0.09109401990239854,0.11073831165241074,-0.12686549728355725,-0.17313450271644273
767,0.3136165725200274,0.11342384398410142,0.2282457438047888,0.13345117862878977,0.08672282884614542,0.1177519842852503,0.10495551637608765,0.09109401990239854,0.11073831165241074,-0.12686549728355725,-0.17313450271644273
768,0.3136165725200274,0.11342384398410142,0.2282457438047888,0.13345117862878977,0.08672282884614542,0.1177519842852503,0.10495551637608765,0.09109401990239854,0.11073831165241074,-0.12686549728355725,-0.17313450271644273
769,0.3136165725200274,0.11342384398410142,0.2282457438047888,0.13345117862878977,0.08672282884614542,0.1177519842852503,0.10495551637608765,0.09109401990239854,0.11073831165241074,-0.12686549728355725,-0.17313450271644273
770,0.3136165725200274,0.11342384398410142,0.2282457438047888,0.13345117862878977,0.08672282884614542,0.1177519842852503,0.10495551637608765,0.09109401990239854,0.11073831165241074,-0.12686549728355725,-0.17313450271644273
771,0.3136165725200274,0.11342384398410142,0.2282457438047888,0.13345117862878977,0.08672282884614542,0.1177519842852503,0.10495551637608765,0.09109401990239854,0.11073831165241074,-0.12686549728355725,-0.17313450271644273
772,0.3136165725200274,0.11342384398410142,0.2282457438047888,0.13345117862878977,0.08672282884614542,0.1177519842852503,0.10495551637608765,0.09109401990239854,0.11073831165241074,-0.12686549728355725,-0.17313450271644273
773,0.3136165725200274,0.11342384398410142,0.2282457438047888,0.13345117862878977,0.08672282884614542,0.1177519842852503,0.10495551637608765,0.09109401990239854,0.11073831165241074,-0.12686549728355725,-0.17313450271644273
774,0.3136165725200274,0.11342384398410142,0.2282457438047888,0.13345117862878977,0.08672282884614542,0.1177519842852503,0.10495551637608765,0.09109401990239854,0.11073831165241074,-0.12686549728355725,-0.17313450271644273
775,0.3136165725200274,0.11342384398410142,0.2282457438047888,0.13345117862878977,0.08672282884614542,0.1177519842852503,0.10495551637608765,0.09109401990239854,0.11073831165241074,-0.12686549728355725,-0.17313450271644273
776,0.3136165725200274,0.11342384398410142,0.2282457438047888,0.13345117862878977,0.08672282884614542,0.1177519842852503,0.10495551637608765,0.09109401990239854,0.11073831165241074,-0.12686549728355725,-0.17313450271644273
777,0.3136165725200274,0.11342384398410142,0.2282457438047888,0.13345117862878977,0.08672282884614542,0.1177519842852503,0.10495551637608765,0.09109401990239854,0.11073831165241074,-0.12686549728355725,-0.17313450271644273
778,0.3136165725200274,0.11342384398410142,0.2282457438047888,0.13345117862878977,0.08672282884614542,0.1177519842852503,0.10495551637608765,0.09109401990239854,0.11073831165241074,-0.12686549728355725,-0.17313450271644273
779,0.3136165725200274,0.11342384398410142,0.2282457438047888,0.13345117862878977,0.08672282884614542,0.1177519842852503,0.10495551637608765,0.09109401990239854,0.11073831165241074,-0.12686549728355725,-0.17313450271644273
780,0.3136165725200274,0.11342384398410142,0.2282457438047888,0.13345117862878977,0.08672282884614542,0.1177519842852503,0.10495551637608765,0.09109401990239854,0.11073831165241074,-0.12686549728355725,-0.17313450271644273
781,0.3136165725200274,0.11342384398410142,0.2282457438047888,0.13345117862878977,0.08672282884614542,0.1177519842852503,0.10495551637608765,0.09109401990239854,0.11073831165241074,-0.12686549728355725,-0.17313450271644273
782,0.3136165725200274,0.11342384398410142,0.2282457438047888,0.13345117862878977,0.08672282884614542,0.1177519842852503,0.10495551637608765,0.09109401990239854,0.11073831165241074,-0.12686549728355725,-0.17313450271644273
783,0.3136165725200274,0.11342384398410142,0.2282457438047888,0.13345117862878977,0.08672282884614542,0.1177519842852503,0.10495551637608765,0.09109401990239854,0.11073831165241074,-0.12686549728355725,-0.17313450271644273
784,0.3136165725200274,0.11342384398410142,0.2282457438047888,0.13345117862878977,0.08672282884614542,0.1177519842852503,0.10495551637608765,0.09109401990239854,0.11073831165241074,-0.12686549728355725,-0.17313450271644273
785,0.3136165725200274,0.11342384398410142,0.2282457438047888,0.13345117862878977,0.08672282884614542,0.1177519842852503,0.10495551637608765,0.09109401990239854,0.11073831165241074,-0.12686549728355725,-0.17313450271644273
786,0.3136165725200274,0.11342384398410142,0.2282457438047888,0.13345117862878977,0.08672282884614542,0.1177519842852503,0.10495551637608765,0.09109401990239854,0.11073831165241074,-0.12686549728355725,-0.17313450271644273
787,0.3136165725200274,0.11342384398410142,0.2282457438047888,0.13345117862878977,0.08672282884614542,0.1177519842852503,0.10495551637608765,0.09109401990239854,0.11073831165241074,-0.12686549728355725,-0.17313450271644273
788,0.3136165725200274,0.11342384398410142,0.2282457438047888,0.13345117862878977,0.08672282884614542,0.1177519842852503,0.10495551637608765,0.09109401990239854,0.11073831165241074,-0.12686549728355725,-0.17313450271644273
789,0.1139472883939132,0.11008234149936233,0.08363663576062745,0.04906550692357625,0.061340963754819997,0.0934294304623173,0.060296795600010555,0.04352462253824127,0.05588772280402722,0.18966207033697227,0.13912662192613218
790,0.1139472883939132,0.11008234149936233,0.08363663576062745,0.04906550692357625,0.061340963754819997,0.0934294304623173,0.060296795600010555,0.04352462253824127,0.05588772280402722,0.18966207033697227,0.13912662192613218
791,0.1139472883939132,0.11008234149936233,0.08363663576062745,0.04906550692357625,0.061340963754819997,0.0934294304623173,0.060296795600010555,0.04352462253824127,0.05588772280402722,0.18966207033697227,0.13912662192613218
792,0.1139472883939132,0.11008234149936233,0.08363663576062745,0.04906550692357625,0.061340963754819997,0.0934294304623173,0.060296795600010555,0.04352462253824127,0.05588772280402722,0.18966207033697227,0.13912662192613218
793,0.1139472883939132,0.11008234149936233,0.08363663576062745,0.04906550692357625,0.061340963754819997,0.0934294304623173,0.060296795600010555,0.04352462253824127,0.05588772280402722,0.18966207033697227,0.13912662192613218
794,0.1139472883939132,0.11008234149936233,0.08363663576062745,0.04906550692357625,0.061340963754819997,0.0934294304623173,0.060296795600010555,0.04352462253824127,0.05588772280402722,0.18966207033697227,0.13912662192613218
795,0.1139472883939132,0.11008234149936233,0.08363663576062745,0.04906550692357625,0.061340963754819997,0.0934294304623173,0.060296795600010555,0.04352462253824127,0.05588772280402722,0.18966207033697227,0.13912662192613218
796,0.1139472883939132,0.11008234149936233,0.08363663576062745,0.04906550692357625,0.061340963754819997,0.0934294304623173,0.060296795600010555,0.04352462253824127,0.05588772280402722,0.18966207033697227,0.13912662192613218
797,0.1139472883939132,0.11008234149936233,0.08363663576062745,0.04906550692357625,0.061340963754819997,0.0934294304623173,0.060296795600010555,0.04352462253824127,0.05588772280402722,0.18966207033697227,0.13912662192613218
798,0.1139472883939132,0.11008234149936233,0.08363663576062745,0.04906550692357625,0.061340963754819997,0.0934294304623173,0.060296795600010555,0.04352462253824127,0.05588772280402722,0.18966207033697227,0.13912662192613218
799,0.1139472883939132,0.11008234149936233,0.08363663576062745,0.04906550692357625,0.061340963754819997,0.0934294304623173,0.060296795600010555,0.04352462253824127,0.05588772280402722,0.18966207033697227,0.13912662192613218
800,0.1139472883939132,0.11008234149936233,0.08363663576062745,0.04906550692357625,0.061340963754819997,0.0934294304623173,0.060296795600010555,0.04352462253824127,0.05588772280402722,0.18966207033697227,0.13912662192613218
801,0.1139472883939132,0.11008234149936233,0.08363663576062745,0.04906550692357625,0.061340963754819997,0.0934294304623173,0.060296795600010555,0.04352462253824127,0.05588772280402722,0.18966207033697227,0.13912662192613218
802,0.1139472883939132,0.11008234149936233,0.08363663576062745,0.04906550692357625,0.061340963754819997,0.0934294304623173,0.060296795600010555,0.04352462253824127,0.05588772280402722,0.18966207033697227,0.13912662192613218
803,0.1139472883939132,0.11008234149936233,0.08363663576062745,0.04906550692357625,0.061340963754819997,0.0934294304623173,0.060296795600010555,0.04352462253824127,0.05588772280402722,0.18966207033697227,0.13912662192613218
804,0.1139472883939132,0.11008234149936233,0.08363663576062745,0.04906550692357625,0.061340963754819997,0.0934294304623173,0.060296795600010555,0.04352462253824127,0.05588772280402722,0.18966207033697227,0.13912662192613218
805,0.1139472883939132,0.11008234149936233,0.08363663576062745,0.04906550692357625,0.061340963754819997,0.0934294304623173,0.060296795600010555,0.04352462253824127,0.05588772280402722,0.18966207033697227,0.13912662192613218
806,0.1139472883939132,0.11008234149936233,0.08363663576062745,0.04906550692357625,0.061340963754819997,0.0934294304623173,0.060296795600010555,0.04352462253824127,0.05588772280402722,0.18966207033697227,0.13912662192613218
807,0.1139472883939132,0.11008234149936233,0.08363663576062745,0.04906550692357625,0.061340963754819997,0.0934294304623173,0.060296795600010555,0.04352462253824127,0.05588772280402722,0.18966207033697227,0.13912662192613218
808,0.1139472883939132,0.11008234149936233,0.08363663576062745,0.04906550692357625,0.061340963754819997,0.0934294304623173,0.060296795600010555,0.04352462253824127,0.05588772280402722,0.18966207033697227,0.13912662192613218
809,0.1139472883939132,0.11008234149936233,0.08363663576062745,0.04906550692357625,0.061340963754819997,0.0934294304623173,0.060296795600010555,0.04352462253824127,0.05588772280402722,0.18966207033697227,0.13912662192613218
810,0.1139472883939132,0.11008234149936233,0.08363663576062745,0.04906550692357625,0.061340963754819997,0.0934294304623173,0.060296795600010555,0.04352462253824127,0.05588772280402722,0.18966207033697227,0.13912662192613218
811,0.1139472883939132,0.11008234149936233,0.08363663576062745,0.04906550692357625,0.061340963754819997,0.0934294304623173,0.060296795600010555,0.04352462253824127,0.05588772280402722,0.18966207033697227,0.13912662192613218
812,0.1139472883939132,0.11008234149936233,0.08363663576062745,0.04906550692357625,0.061340963754819997,0.0934294304623173,0.060296795600010555,0.04352462253824127,0.05588772280402722,0.18966207033697227,0.13912662192613218
813,0.1139472883939132,0.11008234149936233,0.08363663576062745,0.04906550692357625,0.061340963754819997,0.0934294304623173,0.060296795600010555,0.04352462253824127,0.05588772280402722,0.18966207033697227,0.13912662192613218
814,0.1139472883939132,0.11008234149936233,0.08363663576062745,0.04906550692357625,0.061340963754819997,0.0934294304623173,0.060296795600010555,0.04352462253824127,0.05588772280402722,0.18966207033697227,0.13912662192613218
815,0.1139472883939132,0.11008234149936233,0.08363663576062745,0.04906550692357625,0.061340963754819997,0.0934294304623173,0.060296795600010555,0.04352462253824127,0.05588772280402722,0.18966207033697227,0.13912662192613218
816,0.1139472883939132,0.11008234149936233,0.08363663576062745,0.04906550692357625,0.061340963754819997,0.0934294304623173,0.060296795600010555,0.04352462253824127,0.05588772280402722,0.18966207033697227,0.13912662192613218
817,0.1139472883939132,0.11008234149936233,0.08363663576062745,0.04906550692357625,0.061340963754819997,0.0934294304623173,0.060296795600010555,0.04352462253824127,0.05588772280402722,0.18966207033697227,0.13912662192613218
818,0.1139472883939132,0.11008234149936233,0.08363663576062745,0.04906550692357625,0.061340963754819997,0.0934294304623173,0.060296795600010555,0.04352462253824127,0.05588772280402722,0.18966207033697227,0.13912662192613218
819,0.1139472883939132,0.11008234149936233,0.08363663576062745,0.04906550692357625,0.061340963754819997,0.0934294304623173,0.060296795600010555,0.04352462253824127,0.05588772280402722,0.18966207033697227,0.13912662192613218
820,0.05517917671901976,0.06449560389631769,0.04383447596664124,0.34947583198767157,0.07066856527124282,0.07361879143043067,0.12069390258732922,0.08294737903595645,0.04701483891203121,0.05027829669988561,0.041793137493473784
821,0.05517917671901976,0.06449560389631769,0.04383447596664124,0.34947583198767157,0.07066856527124282,0.07361879143043067,0.12069390258732922,0.08294737903595645,0.04701483891203121,0.05027829669988561,0.041793137493473784
822,0.05517917671901976,0.06449560389631769,0.04383447596664124,0.34947583198767157,0.07066856527124282,0.07361879143043067,0.12069390258732922,0.08294737903595645,0.04701483891203121,0.05027829669988561,0.041793137493473784
823,0.05517917671901976,0.06449560389631769,0.04383447596664124,0.34947583198767157,0.07066856527124282,0.07361879143043067,0.12069390258732922,0.08294737903595645,0.04701483891203121,0.05027829669988561,0.041793137493473784
824,0.05517917671901976,0.06449560389631769,0.04383447596664124,0.34947583198767157,0.07066856527124282,0.07361879143043067,0.12069390258732922,0.08294737903595645,0.04701483891203121,0.05027829669988561,0.041793137493473784
825,0.05517917671901976,0.06449560389631769,0.04383447596664124,0.34947583198767157,0.07066856527124282,0.07361879143043067,0.12069390258732922,0.08294737903595645,0.04701483891203121,0.05027829669988561,0.041793137493473784
826,0.05517917671901976,0.06449560389631769,0.04383447596664124,0.34947583198767157,0.07066856527124282,0.07361879143043067,0.12069390258732922,0.08294737903595645,0.04701483891203121,0.05027829669988561,0.041793137493473784
827,0.05517917671901976,0.06449560389631769,0.04383447596664124,0.34947583198767157,0.07066856527124282,0.07361879143043067,0.12069390258732922,0.08294737903595645,0.04701483891203121,0.05027829669988561,0.041793137493473784
828,0.05517917671901976,0.06449560389631769,0.04383447596664124,0.34947583198767157,0.07066856527124282,0.07361879143043067,0.12069390258732922,0.08294737903595645,0.04701483891203121,0.05027829669988561,0.041793137493473784
829,0.05517917671901976,0.06449560389631769,0.04383447596664124,0.34947583198767157,0.07066856527124282,0.07361879143043067,0.12069390258732922,0.08294737903595645,0.04701483891203121,0.05027829669988561,0.041793137493473784
830,0.05517917671901976,0.06449560389631769,0.04383447596664124,0.34947583198767157,0.07066856527124282,0.07361879143043067,0.12069390258732922,0.08294737903595645,0.04701483891203121,0.05027829669988561,0.041793137493473784
831,0.05517917671901976,0.06449560389631769,0.04383447596664124,0.34947583198767157,0.07066856527124282,0.07361879143043067,0.12069390258732922,0.08294737903595645,0.04701483891203121,0.05027829669988561,0.041793137493473784
832,0.05517917671901976,0.06449560389631769,0.04383447596664124,0.34947583198767157,0.07066856527124282,0.07361879143043067,0.12069390258732922,0.08294737903595645,0.04701483891203121,0.05027829669988561,0.041793137493473784
833,0.05517917671901976,0.06449560389631769,0.04383447596664124,0.34947583198767157,0.07066856527124282,0.07361879143043067,0.12069390258732922,0.08294737903595645,0.04701483891203121,0.05027829669988561,0.041793137493473784
834,0.05517917671901976,0.06449560389631769,0.04383447596664124,0.34947583198767157,0.07066856527124282,0.07361879143043067,0.12069390258732922,0.08294737903595645,0.04701483891203121,0.05027829669988561,0.041793137493473784
835,0.05517917671901976,0.06449560389631769,0.04383447596664124,0.34947583198767157,0.07066856527124282,0.07361879143043067,0.12069390258732922,0.08294737903595645,0.04701483891203121,0.05027829669988561,0.041793137493473784
836,0.05517917671901976,0.06449560389631769,0.04383447596664124,0.34947583198767157,0.07066856527124282,0.07361879143043067,0.12069390258732922,0.08294737903595645,0.04701483891203121,0.05027829669988561,0.041793137493473784
837,0.05517917671901976,0.06449560389631769,0.04383447596664124,0.34947583198767157,0.07066856527124282,0.07361879143043067,0.12069390258732922,0.08294737903595645,0.04701483891203121,0.05027829669988561,0.041793137493473784
838,0.05517917671901976,0.06449560389631769,0.04383447596664124,0.34947583198767157,0.07066856527124282,0.07361879143043067,0.12069390258732922,0.08294737903595645,0.04701483891203121,0.05027829669988561,0.041793137493473784
839,0.05517917671901976,0.06449560389631769,0.04383447596664124,0.34947583198767157,0.07066856527124282,0.07361879143043067,0.12069390258732922,0.08294737903595645,0.04701483891203121,0.05027829669988561,0.041793137493473784
840,0.05517917671901976,0.06449560389631769,0.04383447596664124,0.34947583198767157,0.07066856527124282,0.07361879143043067,0.12069390258732922,0.08294737903595645,0.04701483891203121,0.05027829669988561,0.041793137493473784
841,0.05517917671901976,0.06449560389631769,0.04383447596664124,0.34947583198767157,0.07066856527124282,0.07361879143043067,0.12069390258732922,0.08294737903595645,0.04701483891203121,0.05027829669988561,0.041793137493473784
842,0.05517917671901976,0.06449560389631769,0.04383447596664124,0.34947583198767157,0.07066856527124282,0.07361879143043067,0.12069390258732922,0.08294737903595645,0.04701483891203121,0.05027829669988561,0.041793137493473784
843,0.05517917671901976,0.06449560389631769,0.04383447596664124,0.34947583198767157,0.07066856527124282,0.07361879143043067,0.12069390258732922,0.08294737903595645,0.04701483891203121,0.05027829669988561,0.041793137493473784
844,0.05517917671901976,0.06449560389631769,0.04383447596664124,0.34947583198767157,0.07066856527124282,0.07361879143043067,0.12069390258732922,0.08294737903595645,0.04701483891203121,0.05027829669988561,0.041793137493473784
845,0.05517917671901976,0.06449560389631769,0.04383447596664124,0.34947583198767157,0.07066856527124282,0.07361879143043067,0.12069390258732922,0.08294737903595645,0.04701483891203121,0.05027829669988561,0.041793137493473784
846,0.05517917671901976,0.06449560389631769,0.04383447596664124,0.34947583198767157,0.07066856527124282,0.07361879143043067,0.12069390258732922,0.08294737903595645,0.04701483891203121,0.05027829669988561,0.041793137493473784
847,0.05517917671901976,0.06449560389631769,0.04383447596664124,0.34947583198767157,0.07066856527124282,0.07361879143043067,0.12069390258732922,0.08294737903595645,0.04701483891203121,0.05027829669988561,0.041793137493473784
848,0.05517917671901976,0.06449560389631769,0.04383447596664124,0.34947583198767157,0.07066856527124282,0.07361879143043067,0.12069390258732922,0.08294737903595645,0.04701483891203121,0.05027829669988561,0.041793137493473784
849,0.05517917671901976,0.06449560389631769,0.04383447596664124,0.34947583198767157,0.07066856527124282,0.07361879143043067,0.12069390258732922,0.08294737903595645,0.04701483891203121,0.05027829669988561,0.041793137493473784
850,0.10423978622860275,0.14646509341786929,0.12972193866978968,0.0779853633279698,0.08294116444581066,0.08496534414847261,0.07440998864232819,0.0669058051584548,0.0755985656213775,0.08835782358026342,0.06840912675906116
851,0.10423978622860275,0.14646509341786929,0.12972193866978968,0.0779853633279698,0.08294116444581066,0.08496534414847261,0.07440998864232819,0.0669058051584548,0.0755985656213775,0.08835782358026342,0.06840912675906116
852,0.10423978622860275,0.14646509341786929,0.12972193866978968,0.0779853633279698,0.08294116444581066,0.08496534414847261,0.07440998864232819,0.0669058051584548,0.0755985656213775,0.08835782358026342,0.06840912675906116
853,0.10423978622860275,0.14646509341786929,0.12972193866978968,0.0779853633279698,0.08294116444581066,0.08496534414847261,0.07440998864232819,0.0669058051584548,0.0755985656213775,0.08835782358026342,0.06840912675906116
854,0.10423978622860275,0.14646509341786929,0.12972193866978968,0.0779853633279698,0.08294116444581066,0.08496534414847261,0.07440998864232819,0.0669058051584548,0.0755985656213775,0.08835782358026342,0.06840912675906116
855,0.10423978622860275,0.14646509341786929,0.12972193866978968,0.0779853633279698,0.08294116444581066,0.08496534414847261,0.07440998864232819,0.0669058051584548,0.0755985656213775,0.08835782358026342,0.06840912675906116
856,0.10423978622860275,0.14646509341786929,0.12972193866978968,0.0779853633279698,0.08294116444581066,0.08496534414847261,0.07440998864232819,0.0669058051584548,0.0755985656213775,0.08835782358026342,0.06840912675906116
857,0.10423978622860275,0.14646509341786929,0.12972193866978968,0.0779853633279698,0.08294116444581066,0.08496534414847261,0.07440998864232819,0.0669058051584548,0.0755985656213775,0.08835782358026342,0.06840912675906116
858,0.10423978622860275,0.14646509341786929,0.12972193866978968,0.0779853633279698,0.08294116444581066,0.08496534414847261,0.07440998864232819,0.0669058051584548,0.0755985656213775,0.08835782358026342,0.06840912675906116
859,0.10423978622860275,0.14646509341786929,0.12972193866978968,0.0779853633279698,0.08294116444581066,0.08496534414847261,0.07440998864232819,0.0669058051584548,0.0755985656213775,0.08835782358026342,0.06840912675906116
860,0.10423978622860275,0.14646509341786929,0.12972193866978968,0.0779853633279698,0.08294116444581066,0.08496534414847261,0.07440998864232819,0.0669058051584548,0.0755985656213775,0.08835782358026342,0.06840912675906116
861,0.10423978622860275,0.14646509341786929,0.12972193866978968,0.0779853633279698,0.08294116444581066,0.08496534414847261,0.07440998864232819,0.0669058051584548,0.0755985656213775,0.08835782358026342,0.06840912675906116
862,0.10423978622860275,0.14646509341786929,0.12972193866978968,0.0779853633279698,0.08294116444581066,0.08496534414847261,0.07440998864232819,0.0669058051584548,0.0755985656213775,0.08835782358026342,0.06840912675906116
863,0.10423978622860275,0.14646509341786929,0.12972193866978968,0.0779853633279698,0.08294116444581066,0.08496534414847261,0.07440998864232819,0.0669058051584548,0.0755985656213775,0.08835782358026342,0.06840912675906116
864,0.10423978622860275,0.14646509341786929,0.12972193866978968,0.0779853633279698,0.08294116444581066,0.08496534414847261,0.07440998864232819,0.0669058051584548,0.0755985656213775,0.08835782358026342,0.06840912675906116
865,0.10423978622860275,0.14646509341786929,0.12972193866978968,0.0779853633279698,0.08294116444581066,0.08496534414847261,0.07440998864232819,0.0669058051584548,0.0755985656213775,0.08835782358026342,0.06840912675906116
866,0.10423978622860275,0.14646509341786929,0.12972193866978968,0.0779853633279698,0.08294116444581066,0.08496534414847261,0.07440998864232819,0.0669058051584548,0.0755985656213775,0.08835782358026342,0.06840912675906116
867,0.10423978622860275,0.14646509341786929,0.12972193866978968,0.0779853633279698,0.08294116444581066,0.08496534414847261,0.07440998864232819,0.0669058051584548,0.0755985656213775,0.08835782358026342,0.06840912675906116
868,0.10423978622860275,0.14646509341786929,0.12972193866978968,0.0779853633279698,0.08294116444581066,0.08496534414847261,0.07440998864232819,0.0669058051584548,0.0755985656213775,0.08835782358026342,0.06840912675906116
869,0.10423978622860275,0.14646509341786929,0.12972193866978968,0.0779853633279698,0.08294116444581066,0.08496534414847261,0.07440998864232819,0.0669058051584548,0.0755985656213775,0.08835782358026342,0.06840912675906116
870,0.10423978622860275,0.14646509341786929,0.12972193866978968,0.0779853633279698,0.08294116444581066,0.08496534414847261,0.07440998864232819,0.0669058051584548,0.0755985656213775,0.08835782358026342,0.06840912675906116
871,0.10423978622860275,0.14646509341786929,0.12972193866978968,0.0779853633279698,0.08294116444581066,0.08496534414847261,0.07440998864232819,0.0669058051584548,0.0755985656213775,0.08835782358026342,0.06840912675906116
872,0.10423978622860275,0.14646509341786929,0.12972193866978968,0.0779853633279698,0.08294116444581066,0.08496534414847261,0.07440998864232819,0.0669058051584548,0.0755985656213775,0.08835782358026342,0.06840912675906116
873,0.10423978622860275,0.14646509341786929,0.12972193866978968,0.0779853633279698,0.08294116444581066,0.08496534414847261,0.07440998864232819,0.0669058051584548,0.0755985656213775,0.08835782358026342,0.06840912675906116
874,0.10423978622860275,0.14646509341786929,0.12972193866978968,0.0779853633279698,0.08294116444581066,0.08496534414847261,0.07440998864232819,0.0669058051584548,0.0755985656213775,0.08835782358026342,0.06840912675906116
875,0.10423978622860275,0.14646509341786929,0.12972193866978968,0.0779853633279698,0.08294116444581066,0.08496534414847261,0.07440998864232819,0.0669058051584548,0.0755985656213775,0.08835782358026342,0.06840912675906116
876,0.10423978622860275,0.14646509341786929,0.12972193866978968,0.0779853633279698,0.08294116444581066,0.08496534414847261,0.07440998864232819,0.0669058051584548,0.0755985656213775,0.08835782358026342,0.06840912675906116
877,0.10423978622860275,0.14646509341786929,0.12972193866978968,0.0779853633279698,0.08294116444581066,0.08496534414847261,0.07440998864232819,0.0669058051584548,0.0755985656213775,0.08835782358026342,0.06840912675906116
878,0.10423978622860275,0.14646509341786929,0.12972193866978968,0.0779853633279698,0.08294116444581066,0.08496534414847261,0.07440998864232819,0.0669058051584548,0.0755985656213775,0.08835782358026342,0.06840912675906116
879,0.10423978622860275,0.14646509341786929,0.12972193866978968,0.0779853633279698,0.08294116444581066,0.08496534414847261,0.07440998864232819,0.0669058051584548,0.0755985656213775,0.08835782358026342,0.06840912675906116
880,0.10423978622860275,0.14646509341786929,0.12972193866978968,0.0779853633279698,0.08294116444581066,0.08496534414847261,0.07440998864232819,0.0669058051584548,0.0755985656213775,0.08835782358026342,0.06840912675906116
881,0.044065998457007025,0.060799610446913066,0.11089335890824022,0.032641323359370866,0.04085142066788348,0.05761870731354696,0.05512056443578008,0.053853439614898906,0.04978060878873408,0.7618965661782194,-0.2675215981705942
882,0.044065998457007025,0.060799610446913066,0.11089335890824022,0.032641323359370866,0.04085142066788348,0.05761870731354696,0.05512056443578008,0.053853439614898906,0.04978060878873408,0.7618965661782194,-0.2675215981705942
883,0.044065998457007025,0.060799610446913066,0.11089335890824022,0.032641323359370866,0.04085142066788348,0.05761870731354696,0.05512056443578008,0.053853439614898906,0.04978060878873408,0.7618965661782194,-0.2675215981705942
884,0.044065998457007025,0.060799610446913066,0.11089335890824022,0.032641323359370866,0.04085142066788348,0.05761870731354696,0.05512056443578008,0.053853439614898906,0.04978060878873408,0.7618965661782194,-0.2675215981705942
885,0.044065998457007025,0.060799610446913066,0.11089335890824022,0.032641323359370866,0.04085142066788348,0.05761870731354696,0.05512056443578008,0.053853439614898906,0.04978060878873408,0.7618965661782194,-0.2675215981705942
886,0.044065998457007025,0.060799610446913066,0.11089335890824022,0.032641323359370866,0.04085142066788348,0.05761870731354696,0.05512056443578008,0.053853439614898906,0.04978060878873408,0.7618965661782194,-0.2675215981705942
887,0.044065998457007025,0.060799610446913066,0.11089335890824022,0.032641323359370866,0.04085142066788348,0.05761870731354696,0.05512056443578008,0.053853439614898906,0.04978060878873408,0.7618965661782194,-0.2675215981705942
888,0.044065998457007025,0.060799610446913066,0.11089335890824022,0.032641323359370866,0.04085142066788348,0.05761870731354696,0.05512056443578008,0.053853439614898906,0.04978060878873408,0.7618965661782194,-0.2675215981705942
889,0.044065998457007025,0.060799610446913066,0.11089335890824022,0.032641323359370866,0.04085142066788348,0.05761870731354696,0.05512056443578008,0.053853439614898906,0.04978060878873408,0.7618965661782194,-0.2675215981705942
890,0.044065998457007025,0.060799610446913066,0.11089335890824022,0.032641323359370866,0.04085142066788348,0.05761870731354696,0.05512056443578008,0.053853439614898906,0.04978060878873408,0.7618965661782194,-0.2675215981705942
891,0.044065998457007025,0.060799610446913066,0.11089335890824022,0.032641323359370866,0.04085142066788348,0.05761870731354696,0.05512056443578008,0.053853439614898906,0.04978060878873408,0.7618965661782194,-0.2675215981705942
892,0.044065998457007025,0.060799610446913066,0.11089335890824022,0.032641323359370866,0.04085142066788348,0.05761870731354696,0.05512056443578008,0.053853439614898906,0.04978060878873408,0.7618965661782194,-0.2675215981705942
893,0.044065998457007025,0.060799610446913066,0.11089335890824022,0.032641323359370866,0.04085142066788348,0.05761870731354696,0.05512056443578008,0.053853439614898906,0.04978060878873408,0.7618965661782194,-0.2675215981705942
894,0.044065998457007025,0.060799610446913066,0.11089335890824022,0.032641323359370866,0.04085142066788348,0.05761870731354696,0.05512056443578008,0.053853439614898906,0.04978060878873408,0.7618965661782194,-0.2675215981705942
895,0.044065998457007025,0.060799610446913066,0.11089335890824022,0.032641323359370866,0.04085142066788348,0.05761870731354696,0.05512056443578008,0.053853439614898906,0.04978060878873408,0.7618965661782194,-0.2675215981705942
896,0.044065998457007025,0.060799610446913066,0.11089335890824022,0.032641323359370866,0.04085142066788348,0.05761870731354696,0.05512056443578008,0.053853439614898906,0.04978060878873408,0.7618965661782194,-0.2675215981705942
897,0.044065998457007025,0.060799610446913066,0.11089335890824022,0.032641323359370866,0.04085142066788348,0.05761870731354696,0.05512056443578008,0.053853439614898906,0.04978060878873408,0.7618965661782194,-0.2675215981705942
898,0.044065998457007025,0.060799610446913066,0.11089335890824022,0.032641323359370866,0.04085142066788348,0.05761870731354696,0.05512056443578008,0.053853439614898906,0.04978060878873408,0.7618965661782194,-0.2675215981705942
899,0.044065998457007025,0.060799610446913066,0.11089335890824022,0.032641323359370866,0.04085142066788348,0.05761870731354696,0.05512056443578008,0.053853439614898906,0.04978060878873408,0.7618965661782194,-0.2675215981705942
900,0.044065998457007025,0.060799610446913066,0.11089335890824022,0.032641323359370866,0.04085142066788348,0.05761870731354696,0.05512056443578008,0.053853439614898906,0.04978060878873408,0.7618965661782194,-0.2675215981705942
901,0.044065998457007025,0.060799610446913066,0.11089335890824022,0.032641323359370866,0.04085142066788348,0.05761870731354696,0.05512056443578008,0.053853439614898906,0.04978060878873408,0.7618965661782194,-0.2675215981705942
902,0.044065998457007025,0.060799610446913066,0.11089335890824022,0.032641323359370866,0.04085142066788348,0.05761870731354696,0.05512056443578008,0.053853439614898906,0.04978060878873408,0.7618965661782194,-0.2675215981705942
903,0.044065998457007025,0.060799610446913066,0.11089335890824022,0.032641323359370866,0.04085142066788348,0.05761870731354696,0.05512056443578008,0.053853439614898906,0.04978060878873408,0.7618965661782194,-0.2675215981705942
904,0.044065998457007025,0.060799610446913066,0.11089335890824022,0.032641323359370866,0.04085142066788348,0.05761870731354696,0.05512056443578008,0.053853439614898906,0.04978060878873408,0.7618965661782194,-0.2675215981705942
905,0.044065998457007025,0.060799610446913066,0.11089335890824022,0.032641323359370866,0.04085142066788348,0.05761870731354696,0.05512056443578008,0.053853439614898906,0.04978060878873408,0.7618965661782194,-0.2675215981705942
906,0.044065998457007025,0.060799610446913066,0.11089335890824022,0.032641323359370866,0.04085142066788348,0.05761870731354696,0.05512056443578008,0.053853439614898906,0.04978060878873408,0.7618965661782194,-0.2675215981705942
907,0.044065998457007025,0.060799610446913066,0.11089335890824022,0.032641323359370866,0.04085142066788348,0.05761870731354696,0.05512056443578008,0.053853439614898906,0.04978060878873408,0.7618965661782194,-0.2675215981705942
908,0.044065998457007025,0.060799610446913066,0.11089335890824022,0.032641323359370866,0.04085142066788348,0.05761870731354696,0.05512056443578008,0.053853439614898906,0.04978060878873408,0.7618965661782194,-0.2675215981705942
909,0.044065998457007025,0.060799610446913066,0.11089335890824022,0.032641323359370866,0.04085142066788348,0.05761870731354696,0.05512056443578008,0.053853439614898906,0.04978060878873408,0.7618965661782194,-0.2675215981705942
910,0.044065998457007025,0.060799610446913066,0.11089335890824022,0.032641323359370866,0.04085142066788348,0.05761870731354696,0.05512056443578008,0.053853439614898906,0.04978060878873408,0.7618965661782194,-0.2675215981705942
911,-0.06836189461904327,0.037479679298382244,0.6872962997637776,0.0630553698771346,0.015414957347902264,-0.12439278031566017,0.030334338213321575,0.14959612063538633,0.0388403564813866,0.03846261642827703,0.13227493688913528
912,-0.06836189461904327,0.037479679298382244,0.6872962997637776,0.0630553698771346,0.015414957347902264,-0.12439278031566017,0.030334338213321575,0.14959612063538633,0.0388403564813866,0.03846261642827703,0.13227493688913528
913,-0.06836189461904327,0.037479679298382244,0.6872962997637776,0.0630553698771346,0.015414957347902264,-0.12439278031566017,0.030334338213321575,0.14959612063538633,0.0388403564813866,0.03846261642827703,0.13227493688913528
914,-0.06836189461904327,0.037479679298382244,0.6872962997637776,0.0630553698771346,0.015414957347902264,-0.12439278031566017,0.030334338213321575,0.14959612063538633,0.0388403564813866,0.03846261642827703,0.13227493688913528
915,-0.06836189461904327,0.037479679298382244,0.6872962997637776,0.0630553698771346,0.015414957347902264,-0.12439278031566017,0.030334338213321575,0.14959612063538633,0.0388403564813866,0.03846261642827703,0.13227493688913528
916,-0.06836189461904327,0.037479679298382244,0.6872962997637776,0.0630553698771346,0.015414957347902264,-0.12439278031566017,0.030334338213321575,0.14959612063538633,0.0388403564813866,0.03846261642827703,0.13227493688913528
917,-0.06836189461904327,0.037479679298382244,0.6872962997637776,0.0630553698771346,0.015414957347902264,-0.12439278031566017,0.030334338213321575,0.14959612063538633,0.0388403564813866,0.03846261642827703,0.13227493688913528
918,-0.06836189461904327,0.037479679298382244,0.6872962997637776,0.0630553698771346,0.015414957347902264,-0.12439278031566017,0.030334338213321575,0.14959612063538633,0.0388403564813866,0.03846261642827703,0.13227493688913528
919,-0.06836189461904327,0.037479679298382244,0.6872962997637776,0.0630553698771346,0.015414957347902264,-0.12439278031566017,0.030334338213321575,0.14959612063538633,0.0388403564813866,0.03846261642827703,0.13227493688913528
920,-0.06836189461904327,0.037479679298382244,0.6872962997637776,0.0630553698771346,0.015414957347902264,-0.12439278031566017,0.030334338213321575,0.14959612063538633,0.0388403564813866,0.03846261642827703,0.13227493688913528
921,-0.06836189461904327,0.037479679298382244,0.6872962997637776,0.0630553698771346,0.015414957347902264,-0.12439278031566017,0.030334338213321575,0.14959612063538633,0.0388403564813866,0.03846261642827703,0.13227493688913528
922,-0.06836189461904327,0.037479679298382244,0.6872962997637776,0.0630553698771346,0.015414957347902264,-0.12439278031566017,0.030334338213321575,0.14959612063538633,0.0388403564813866,0.03846261642827703,0.13227493688913528
923,-0.06836189461904327,0.037479679298382244,0.6872962997637776,0.0630553698771346,0.015414957347902264,-0.12439278031566017,0.030334338213321575,0.14959612063538633,0.0388403564813866,0.03846261642827703,0.13227493688913528
924,-0.06836189461904327,0.037479679298382244,0.6872962997637776,0.0630553698771346,0.015414957347902264,-0.12439278031566017,0.030334338213321575,0.14959612063538633,0.0388403564813866,0.03846261642827703,0.13227493688913528
925,-0.06836189461904327,0.037479679298382244,0.6872962997637776,0.0630553698771346,0.015414957347902264,-0.12439278031566017,0.030334338213321575,0.14959612063538633,0.0388403564813866,0.03846261642827703,0.13227493688913528
926,-0.06836189461904327,0.037479679298382244,0.6872962997637776,0.0630553698771346,0.015414957347902264,-0.12439278031566017,0.030334338213321575,0.14959612063538633,0.0388403564813866,0.03846261642827703,0.13227493688913528
927,-0.06836189461904327,0.037479679298382244,0.6872962997637776,0.0630553698771346,0.015414957347902264,-0.12439278031566017,0.030334338213321575,0.14959612063538633,0.0388403564813866,0.03846261642827703,0.13227493688913528
928,-0.06836189461904327,0.037479679298382244,0.6872962997637776,0.0630553698771346,0.015414957347902264,-0.12439278031566017,0.030334338213321575,0.14959612063538633,0.0388403564813866,0.03846261642827703,0.13227493688913528
929,-0.06836189461904327,0.037479679298382244,0.6872962997637776,0.0630553698771346,0.015414957347902264,-0.12439278031566017,0.030334338213321575,0.14959612063538633,0.0388403564813866,0.03846261642827703,0.13227493688913528
930,-0.06836189461904327,0.037479679298382244,0.6872962997637776,0.0630553698771346,0.015414957347902264,-0.12439278031566017,0.030334338213321575,0.14959612063538633,0.0388403564813866,0.03846261642827703,0.13227493688913528
931,-0.06836189461904327,0.037479679298382244,0.6872962997637776,0.0630553698771346,0.015414957347902264,-0.12439278031566017,0.030334338213321575,0.14959612063538633,0.0388403564813866,0.03846261642827703,0.13227493688913528
932,-0.06836189461904327,0.037479679298382244,0.6872962997637776,0.0630553698771346,0.015414957347902264,-0.12439278031566017,0.030334338213321575,0.14959612063538633,0.0388403564813866,0.03846261642827703,0.13227493688913528
933,-0.06836189461904327,0.037479679298382244,0.6872962997637776,0.0630553698771346,0.015414957347902264,-0.12439278031566017,0.030334338213321575,0.14959612063538633,0.0388403564813866,0.03846261642827703,0.13227493688913528
934,-0.06836189461904327,0.037479679298382244,0.6872962997637776,0.0630553698771346,0.015414957347902264,-0.12439278031566017,0.030334338213321575,0.14959612063538633,0.0388403564813866,0.03846261642827703,0.13227493688913528
935,-0.06836189461904327,0.037479679298382244,0.6872962997637776,0.0630553698771346,0.015414957347902264,-0.12439278031566017,0.030334338213321575,0.14959612063538633,0.0388403564813866,0.03846261642827703,0.13227493688913528
936,-0.06836189461904327,0.037479679298382244,0.6872962997637776,0.0630553698771346,0.015414957347902264,-0.12439278031566017,0.030334338213321575,0.14959612063538633,0.0388403564813866,0.03846261642827703,0.13227493688913528
937,-0.06836189461904327,0.037479679298382244,0.6872962997637776,0.0630553698771346,0.015414957347902264,-0.12439278031566017,0.030334338213321575,0.14959612063538633,0.0388403564813866,0.03846261642827703,0.13227493688913528
938,-0.06836189461904327,0.037479679298382244,0.6872962997637776,0.0630553698771346,0.015414957347902264,-0.12439278031566017,0.030334338213321575,0.14959612063538633,0.0388403564813866,0.03846261642827703,0.13227493688913528
939,-0.06836189461904327,0.037479679298382244,0.6872962997637776,0.0630553698771346,0.015414957347902264,-0.12439278031566017,0.030334338213321575,0.14959612063538633,0.0388403564813866,0.03846261642827703,0.13227493688913528
940,-0.06836189461904327,0.037479679298382244,0.6872962997637776,0.0630553698771346,0.015414957347902264,-0.12439278031566017,0.030334338213321575,0.14959612063538633,0.0388403564813866,0.03846261642827703,0.13227493688913528
941,-0.06836189461904327,0.037479679298382244,0.6872962997637776,0.0630553698771346,0.015414957347902264,-0.12439278031566017,0.030334338213321575,0.14959612063538633,0.0388403564813866,0.03846261642827703,0.13227493688913528
942,0.047995201746339734,0.045071192062830154,0.28057702652258804,0.2679909334766431,0.16120720082708584,0.05032961158198118,0.09789777817239152,0.06749822807286172,-0.10926726404368939,0.051338059015581174,0.039362032565387006
943,0.047995201746339734,0.045071192062830154,0.28057702652258804,0.2679909334766431,0.16120720082708584,0.05032961158198118,0.09789777817239152,0.06749822807286172,-0.10926726404368939,0.051338059015581174,0.039362032565387006
944,0.047995201746339734,0.045071192062830154,0.28057702652258804,0.2679909334766431,0.16120720082708584,0.05032961158198118,0.09789777817239152,0.06749822807286172,-0.10926726404368939,0.051338059015581174,0.039362032565387006
945,0.047995201746339734,0.045071192062830154,0.28057702652258804,0.2679909334766431,0.16120720082708584,0.05032961158198118,0.09789777817239152,0.06749822807286172,-0.10926726404368939,0.051338059015581174,0.039362032565387006
946,0.047995201746339734,0.045071192062830154,0.28057702652258804,0.2679909334766431,0.16120720082708584,0.05032961158198118,0.09789777817239152,0.06749822807286172,-0.10926726404368939,0.051338059015581174,0.039362032565387006
947,0.047995201746339734,0.045071192062830154,0.28057702652258804,0.2679909334766431,0.16120720082708584,0.05032961158198118,0.09789777817239152,0.06749822807286172,-0.10926726404368939,0.051338059015581174,0.039362032565387006
948,0.047995201746339734,0.045071192062830154,0.28057702652258804,0.2679909334766431,0.16120720082708584,0.05032961158198118,0.09789777817239152,0.06749822807286172,-0.10926726404368939,0.051338059015581174,0.039362032565387006
949,0.047995201746339734,0.045071192062830154,0.28057702652258804,0.2679909334766431,0.16120720082708584,0.05032961158198118,0.09789777817239152,0.06749822807286172,-0.10926726404368939,0.051338059015581174,0.039362032565387006
950,0.047995201746339734,0.045071192062830154,0.28057702652258804,0.2679909334766431,0.16120720082708584,0.05032961158198118,0.09789777817239152,0.06749822807286172,-0.10926726404368939,0.051338059015581174,0.039362032565387006
951,0.047995201746339734,0.045071192062830154,0.28057702652258804,0.2679909334766431,0.16120720082708584,0.05032961158198118,0.09789777817239152,0.06749822807286172,-0.10926726404368939,0.051338059015581174,0.039362032565387006
952,0.047995201746339734,0.045071192062830154,0.28057702652258804,0.2679909334766431,0.16120720082708584,0.05032961158198118,0.09789777817239152,0.06749822807286172,-0.10926726404368939,0.051338059015581174,0.039362032565387006
953,0.047995201746339734,0.045071192062830154,0.28057702652258804,0.2679909334766431,0.16120720082708584,0.05032961158198118,0.09789777817239152,0.06749822807286172,-0.10926726404368939,0.051338059015581174,0.039362032565387006
954,0.047995201746339734,0.045071192062830154,0.28057702652258804,0.2679909334766431,0.16120720082708584,0.05032961158198118,0.09789777817239152,0.06749822807286172,-0.10926726404368939,0.051338059015581174,0.039362032565387006
955,0.047995201746339734,0.045071192062830154,0.28057702652258804,0.2679909334766431,0.16120720082708584,0.05032961158198118,0.09789777817239152,0.06749822807286172,-0.10926726404368939,0.051338059015581174,0.039362032565387006
956,0.047995201746339734,0.045071192062830154,0.28057702652258804,0.2679909334766431,0.16120720082708584,0.05032961158198118,0.09789777817239152,0.06749822807286172,-0.10926726404368939,0.051338059015581174,0.039362032565387006
957,0.047995201746339734,0.045071192062830154,0.28057702652258804,0.2679909334766431,0.16120720082708584,0.05032961158198118,0.09789777817239152,0.06749822807286172,-0.10926726404368939,0.051338059015581174,0.039362032565387006
958,0.047995201746339734,0.045071192062830154,0.28057702652258804,0.2679909334766431,0.16120720082708584,0.05032961158198118,0.09789777817239152,0.06749822807286172,-0.10926726404368939,0.051338059015581174,0.039362032565387006
959,0.047995201746339734,0.045071192062830154,0.28057702652258804,0.2679909334766431,0.16120720082708584,0.05032961158198118,0.09789777817239152,0.06749822807286172,-0.10926726404368939,0.051338059015581174,0.039362032565387006
960,0.047995201746339734,0.045071192062830154,0.28057702652258804,0.2679909334766431,0.16120720082708584,0.05032961158198118,0.09789777817239152,0.06749822807286172,-0.10926726404368939,0.051338059015581174,0.039362032565387006
961,0.047995201746339734,0.045071192062830154,0.28057702652258804,0.2679909334766431,0.16120720082708584,0.05032961158198118,0.09789777817239152,0.06749822807286172,-0.10926726404368939,0.051338059015581174,0.039362032565387006
962,0.047995201746339734,0.045071192062830154,0.28057702652258804,0.2679909334766431,0.16120720082708584,0.05032961158198118,0.09789777817239152,0.06749822807286172,-0.10926726404368939,0.051338059015581174,0.039362032565387006
963,0.047995201746339734,0.045071192062830154,0.28057702652258804,0.2679909334766431,0.16120720082708584,0.05032961158198118,0.09789777817239152,0.06749822807286172,-0.10926726404368939,0.051338059015581174,0.039362032565387006
964,0.047995201746339734,0.045071192062830154,0.28057702652258804,0.2679909334766431,0.16120720082708584,0.05032961158198118,0.09789777817239152,0.06749822807286172,-0.10926726404368939,0.051338059015581174,0.039362032565387006
965,0.047995201746339734,0.045071192062830154,0.28057702652258804,0.2679909334766431,0.16120720082708584,0.05032961158198118,0.09789777817239152,0.06749822807286172,-0.10926726404368939,0.051338059015581174,0.039362032565387006
966,0.047995201746339734,0.045071192062830154,0.28057702652258804,0.2679909334766431,0.16120720082708584,0.05032961158198118,0.09789777817239152,0.06749822807286172,-0.10926726404368939,0.051338059015581174,0.039362032565387006
967,0.047995201746339734,0.045071192062830154,0.28057702652258804,0.2679909334766431,0.16120720082708584,0.05032961158198118,0.09789777817239152,0.06749822807286172,-0.10926726404368939,0.051338059015581174,0.039362032565387006
968,0.047995201746339734,0.045071192062830154,0.28057702652258804,0.2679909334766431,0.16120720082708584,0.05032961158198118,0.09789777817239152,0.06749822807286172,-0.10926726404368939,0.051338059015581174,0.039362032565387006
969,0.047995201746339734,0.045071192062830154,0.28057702652258804,0.2679909334766431,0.16120720082708584,0.05032961158198118,0.09789777817239152,0.06749822807286172,-0.10926726404368939,0.051338059015581174,0.039362032565387006
970,0.047995201746339734,0.045071192062830154,0.28057702652258804,0.2679909334766431,0.16120720082708584,0.05032961158198118,0.09789777817239152,0.06749822807286172,-0.10926726404368939,0.051338059015581174,0.039362032565387006
971,0.047995201746339734,0.045071192062830154,0.28057702652258804,0.2679909334766431,0.16120720082708584,0.05032961158198118,0.09789777817239152,0.06749822807286172,-0.10926726404368939,0.051338059015581174,0.039362032565387006
972,0.047995201746339734,0.045071192062830154,0.28057702652258804,0.2679909334766431,0.16120720082708584,0.05032961158198118,0.09789777817239152,0.06749822807286172,-0.10926726404368939,0.051338059015581174,0.039362032565387006
973,-0.12127130775549716,-0.06379310135796278,0.1640295352098079,0.07887521405082788,0.2527849503285642,-0.05634463002287215,0.38142613534655173,-0.058590960863667864,0.26007565056653525,0.033034307448149294,0.12977420704956372
974,-0.12127130775549716,-0.06379310135796278,0.1640295352098079,0.07887521405082788,0.2527849503285642,-0.05634463002287215,0.38142613534655173,-0.058590960863667864,0.26007565056653525,0.033034307448149294,0.12977420704956372
975,-0.12127130775549716,-0.06379310135796278,0.1640295352098079,0.07887521405082788,0.2527849503285642,-0.05634463002287215,0.38142613534655173,-0.058590960863667864,0.26007565056653525,0.033034307448149294,0.12977420704956372
976,-0.12127130775549716,-0.06379310135796278,0.1640295352098079,0.07887521405082788,0.2527849503285642,-0.05634463002287215,0.38142613534655173,-0.058590960863667864,0.26007565056653525,0.033034307448149294,0.12977420704956372
977,-0.12127130775549716,-0.06379310135796278,0.1640295352098079,0.07887521405082788,0.2527849503285642,-0.05634463002287215,0.38142613534655173,-0.058590960863667864,0.26007565056653525,0.033034307448149294,0.12977420704956372
978,-0.12127130775549716,-0.06379310135796278,0.1640295352098079,0.07887521405082788,0.2527849503285642,-0.05634463002287215,0.38142613534655173,-0.058590960863667864,0.26007565056653525,0.033034307448149294,0.12977420704956372
979,-0.12127130775549716,-0.06379310135796278,0.1640295352098079,0.07887521405082788,0.2527849503285642,-0.05634463002287215,0.38142613534655173,-0.058590960863667864,0.26007565056653525,0.033034307448149294,0.12977420704956372
980,-0.12127130775549716,-0.06379310135796278,0.1640295352098079,0.07887521405082788,0.2527849503285642,-0.05634463002287215,0.38142613534655173,-0.058590960863667864,0.26007565056653525,0.033034307448149294,0.12977420704956372
981,-0.12127130775549716,-0.06379310135796278,0.1640295352098079,0.07887521405082788,0.2527849503285642,-0.05634463002287215,0.38142613534655173,-0.058590960863667864,0.26007565056653525,0.033034307448149294,0.12977420704956372
982,-0.12127130775549716,-0.06379310135796278,0.1640295352098079,0.07887521405082788,0.2527849503285642,-0.05634463002287215,0.38142613534655173,-0.058590960863667864,0.26007565056653525,0.033034307448149294,0.12977420704956372
983,-0.12127130775549716,-0.06379310135796278,0.1640295352098079,0.07887521405082788,0.2527849503285642,-0.05634463002287215,0.38142613534655173,-0.058590960863667864,0.26007565056653525,0.033034307448149294,0.12977420704956372
984,-0.12127130775549716,-0.06379310135796278,0.1640295352098079,0.07887521405082788,0.2527849503285642,-0.05634463002287215,0.38142613534655173,-0.058590960863667864,0.26007565056653525,0.033034307448149294,0.12977420704956372
985,-0.12127130775549716,-0.06379310135796278,0.1640295352098079,0.07887521405082788,0.2527849503285642,-0.05634463002287215,0.38142613534655173,-0.058590960863667864,0.26007565056653525,0.033034307448149294,0.12977420704956372
986,-0.12127130775549716,-0.06379310135796278,0.1640295352098079,0.07887521405082788,0.2527849503285642,-0.05634463002287215,0.38142613534655173,-0.058590960863667864,0.26007565056653525,0.033034307448149294,0.12977420704956372
987,-0.12127130775549716,-0.06379310135796278,0.1640295352098079,0.07887521405082788,0.2527849503285642,-0.05634463002287215,0.38142613534655173,-0.058590960863667864,0.26007565056653525,0.033034307448149294,0.12977420704956372
988,-0.12127130775549716,-0.06379310135796278,0.1640295352098079,0.07887521405082788,0.2527849503285642,-0.05634463002287215,0.38142613534655173,-0.058590960863667864,0.26007565056653525,0.033034307448149294,0.12977420704956372
989,-0.12127130775549716,-0.06379310135796278,0.1640295352098079,0.07887521405082788,0.2527849503285642,-0.05634463002287215,0.38142613534655173,-0.058590960863667864,0.26007565056653525,0.033034307448149294,0.12977420704956372
990,-0.12127130775549716,-0.06379310135796278,0.1640295352098079,0.07887521405082788,0.2527849503285642,-0.05634463002287215,0.38142613534655173,-0.058590960863667864,0.26007565056653525,0.033034307448149294,0.12977420704956372
991,-0.12127130775549716,-0.06379310135796278,0.1640295352098079,0.07887521405082788,0.2527849503285642,-0.05634463002287215,0.38142613534655173,-0.058590960863667864,0.26007565056653525,0.033034307448149294,0.12977420704956372
992,-0.12127130775549716,-0.06379310135796278,0.1640295352098079,0.07887521405082788,0.2527849503285642,-0.05634463002287215,0.38142613534655173,-0.058590960863667864,0.26007565056653525,0.033034307448149294,0.12977420704956372
993,-0.12127130775549716,-0.06379310135796278,0.1640295352098079,0.07887521405082788,0.2527849503285642,-0.05634463002287215,0.38142613534655173,-0.058590960863667864,0.26007565056653525,0.033034307448149294,0.12977420704956372
994,-0.12127130775549716,-0.06379310135796278,0.1640295352098079,0.07887521405082788,0.2527849503285642,-0.05634463002287215,0.38142613534655173,-0.058590960863667864,0.26007565056653525,0.033034307448149294,0.12977420704956372
995,-0.12127130775549716,-0.06379310135796278,0.1640295352098079,0.07887521405082788,0.2527849503285642,-0.05634463002287215,0.38142613534655173,-0.058590960863667864,0.26007565056653525,0.033034307448149294,0.12977420704956372
996,-0.12127130775549716,-0.06379310135796278,0.1640295352098079,0.07887521405082788,0.2527849503285642,-0.05634463002287215,0.38142613534655173,-0.058590960863667864,0.26007565056653525,0.033034307448149294,0.12977420704956372
997,-0.12127130775549716,-0.06379310135796278,0.1640295352098079,0.07887521405082788,0.2527849503285642,-0.05634463002287215,0.38142613534655173,-0.058590960863667864,0.26007565056653525,0.033034307448149294,0.12977420704956372
998,-0.12127130775549716,-0.06379310135796278,0.1640295352098079,0.07887521405082788,0.2527849503285642,-0.05634463002287215,0.38142613534655173,-0.058590960863667864,0.26007565056653525,0.033034307448149294,0.12977420704956372
999,-0.12127130775549716,-0.06379310135796278,0.1640295352098079,0.07887521405082788,0.2527849503285642,-0.05634463002287215,0.38142613534655173,-0.058590960863667864,0.26007565056653525,0.033034307448149294,0.12977420704956372
1000,-0.12127130775549716,-0.06379310135796278,0.1640295352098079,0.07887521405082788,0.2527849503285642,-0.05634463002287215,0.38142613534655173,-0.058590960863667864,0.26007565056653525,0.033034307448149294,0.12977420704956372
1001,-0.12127130775549716,-0.06379310135796278,0.1640295352098079,0.07887521405082788,0.2527849503285642,-0.05634463002287215,0.38142613534655173,-0.058590960863667864,0.26007565056653525,0.033034307448149294,0.12977420704956372
1002,-0.12127130775549716,-0.06379310135796278,0.1640295352098079,0.07887521405082788,0.2527849503285642,-0.05634463002287215,0.38142613534655173,-0.058590960863667864,0.26007565056653525,0.033034307448149294,0.12977420704956372
1003,0.04607495827471382,0.06913430036149515,0.1570243899344647,0.03985497220601479,0.05997423041695121,0.19761799804631477,0.07313254761364794,0.06664273037222165,0.043649653969548306,0.0717713362057139,0.17512288259891381
1004,0.04607495827471382,0.06913430036149515,0.1570243899344647,0.03985497220601479,0.05997423041695121,0.19761799804631477,0.07313254761364794,0.06664273037222165,0.043649653969548306,0.0717713362057139,0.17512288259891381
1005,0.04607495827471382,0.06913430036149515,0.1570243899344647,0.03985497220601479,0.05997423041695121,0.19761799804631477,0.07313254761364794,0.06664273037222165,0.043649653969548306,0.0717713362057139,0.17512288259891381
1006,0.04607495827471382,0.06913430036149515,0.1570243899344647,0.03985497220601479,0.05997423041695121,0.19761799804631477,0.07313254761364794,0.06664273037222165,0.043649653969548306,0.0717713362057139,0.17512288259891381
1007,0.04607495827471382,0.06913430036149515,0.1570243899344647,0.03985497220601479,0.05997423041695121,0.19761799804631477,0.07313254761364794,0.06664273037222165,0.043649653969548306,0.0717713362057139,0.17512288259891381
1008,0.04607495827471382,0.06913430036149515,0.1570243899344647,0.03985497220601479,0.05997423041695121,0.19761799804631477,0.07313254761364794,0.06664273037222165,0.043649653969548306,0.0717713362057139,0.17512288259891381
1009,0.04607495827471382,0.06913430036149515,0.1570243899344647,0.03985497220601479,0.05997423041695121,0.19761799804631477,0.07313254761364794,0.06664273037222165,0.043649653969548306,0.0717713362057139,0.17512288259891381
1010,0.04607495827471382,0.06913430036149515,0.1570243899344647,0.03985497220601479,0.05997423041695121,0.19761799804631477,0.07313254761364794,0.06664273037222165,0.043649653969548306,0.0717713362057139,0.17512288259891381
1011,0.04607495827471382,0.06913430036149515,0.1570243899344647,0.03985497220601479,0.05997423041695121,0.19761799804631477,0.07313254761364794,0.06664273037222165,0.043649653969548306,0.0717713362057139,0.17512288259891381
1012,0.04607495827471382,0.06913430036149515,0.1570243899344647,0.03985497220601479,0.05997423041695121,0.19761799804631477,0.07313254761364794,0.06664273037222165,0.043649653969548306,0.0717713362057139,0.17512288259891381
1013,0.04607495827471382,0.06913430036149515,0.1570243899344647,0.03985497220601479,0.05997423041695121,0.19761799804631477,0.07313254761364794,0.06664273037222165,0.043649653969548306,0.0717713362057139,0.17512288259891381
1014,0.04607495827471382,0.06913430036149515,0.1570243899344647,0.03985497220601479,0.05997423041695121,0.19761799804631477,0.07313254761364794,0.06664273037222165,0.043649653969548306,0.0717713362057139,0.17512288259891381
1015,0.04607495827471382,0.06913430036149515,0.1570243899344647,0.03985497220601479,0.05997423041695121,0.19761799804631477,0.07313254761364794,0.06664273037222165,0.043649653969548306,0.0717713362057139,0.17512288259891381
1016,0.04607495827471382,0.06913430036149515,0.1570243899344647,0.03985497220601479,0.05997423041695121,0.19761799804631477,0.07313254761364794,0.06664273037222165,0.043649653969548306,0.0717713362057139,0.17512288259891381
1017,0.04607495827471382,0.06913430036149515,0.1570243899344647,0.03985497220601479,0.05997423041695121,0.19761799804631477,0.07313254761364794,0.06664273037222165,0.043649653969548306,0.0717713362057139,0.17512288259891381
1018,0.04607495827471382,0.06913430036149515,0.1570243899344647,0.03985497220601479,0.05997423041695121,0.19761799804631477,0.07313254761364794,0.06664273037222165,0.043649653969548306,0.0717713362057139,0.17512288259891381
1019,0.04607495827471382,0.06913430036149515,0.1570243899344647,0.03985497220601479,0.05997423041695121,0.19761799804631477,0.07313254761364794,0.06664273037222165,0.043649653969548306,0.0717713362057139,0.17512288259891381
1020,0.04607495827471382,0.06913430036149515,0.1570243899344647,0.03985497220601479,0.05997423041695121,0.19761799804631477,0.07313254761364794,0.06664273037222165,0.043649653969548306,0.0717713362057139,0.17512288259891381
1021,0.04607495827471382,0.06913430036149515,0.1570243899344647,0.03985497220601479,0.05997423041695121,0.19761799804631477,0.07313254761364794,0.06664273037222165,0.043649653969548306,0.0717713362057139,0.17512288259891381
1022,0.04607495827471382,0.06913430036149515,0.1570243899344647,0.03985497220601479,0.05997423041695121,0.19761799804631477,0.07313254761364794,0.06664273037222165,0.043649653969548306,0.0717713362057139,0.17512288259891381
1023,0.04607495827471382,0.06913430036149515,0.1570243899344647,0.03985497220601479,0.05997423041695121,0.19761799804631477,0.07313254761364794,0.06664273037222165,0.043649653969548306,0.0717713362057139,0.17512288259891381
1024,0.04607495827471382,0.06913430036149515,0.1570243899344647,0.03985497220601479,0.05997423041695121,0.19761799804631477,0.07313254761364794,0.06664273037222165,0.043649653969548306,0.0717713362057139,0.17512288259891381
1025,0.04607495827471382,0.06913430036149515,0.1570243899344647,0.03985497220601479,0.05997423041695121,0.19761799804631477,0.07313254761364794,0.06664273037222165,0.043649653969548306,0.0717713362057139,0.17512288259891381
1026,0.04607495827471382,0.06913430036149515,0.1570243899344647,0.03985497220601479,0.05997423041695121,0.19761799804631477,0.07313254761364794,0.06664273037222165,0.043649653969548306,0.0717713362057139,0.17512288259891381
1027,0.04607495827471382,0.06913430036149515,0.1570243899344647,0.03985497220601479,0.05997423041695121,0.19761799804631477,0.07313254761364794,0.06664273037222165,0.043649653969548306,0.0717713362057139,0.17512288259891381
1028,0.04607495827471382,0.06913430036149515,0.1570243899344647,0.03985497220601479,0.05997423041695121,0.19761799804631477,0.07313254761364794,0.06664273037222165,0.043649653969548306,0.0717713362057139,0.17512288259891381
1029,0.04607495827471382,0.06913430036149515,0.1570243899344647,0.03985497220601479,0.05997423041695121,0.19761799804631477,0.07313254761364794,0.06664273037222165,0.043649653969548306,0.0717713362057139,0.17512288259891381
1030,0.04607495827471382,0.06913430036149515,0.1570243899344647,0.03985497220601479,0.05997423041695121,0.19761799804631477,0.07313254761364794,0.06664273037222165,0.043649653969548306,0.0717713362057139,0.17512288259891381
1031,0.04607495827471382,0.06913430036149515,0.1570243899344647,0.03985497220601479,0.05997423041695121,0.19761799804631477,0.07313254761364794,0.06664273037222165,0.043649653969548306,0.0717713362057139,0.17512288259891381
1032,0.04607495827471382,0.06913430036149515,0.1570243899344647,0.03985497220601479,0.05997423041695121,0.19761799804631477,0.07313254761364794,0.06664273037222165,0.043649653969548306,0.0717713362057139,0.17512288259891381
1033,0.04607495827471382,0.06913430036149515,0.1570243899344647,0.03985497220601479,0.05997423041695121,0.19761799804631477,0.07313254761364794,0.06664273037222165,0.043649653969548306,0.0717713362057139,0.17512288259891381
1034,0.03376360457070688,0.030869835669281535,0.025926892411659654,-0.06536274206410672,0.034275785350497634,0.7129121145980998,0.0596420266226725,0.05659976493690766,0.07894918236001876,0.014225457065205008,0.018198078479057425
1035,0.03376360457070688,0.030869835669281535,0.025926892411659654,-0.06536274206410672,0.034275785350497634,0.7129121145980998,0.0596420266226725,0.05659976493690766,0.07894918236001876,0.014225457065205008,0.018198078479057425
1036,0.03376360457070688,0.030869835669281535,0.025926892411659654,-0.06536274206410672,0.034275785350497634,0.7129121145980998,0.0596420266226725,0.05659976493690766,0.07894918236001876,0.014225457065205008,0.018198078479057425
1037,0.03376360457070688,0.030869835669281535,0.025926892411659654,-0.06536274206410672,0.034275785350497634,0.7129121145980998,0.0596420266226725,0.05659976493690766,0.07894918236001876,0.014225457065205008,0.018198078479057425
1038,0.03376360457070688,0.030869835669281535,0.025926892411659654,-0.06536274206410672,0.034275785350497634,0.7129121145980998,0.0596420266226725,0.05659976493690766,0.07894918236001876,0.014225457065205008,0.018198078479057425
1039,0.03376360457070688,0.030869835669281535,0.025926892411659654,-0.06536274206410672,0.034275785350497634,0.7129121145980998,0.0596420266226725,0.05659976493690766,0.07894918236001876,0.014225457065205008,0.018198078479057425
1040,0.03376360457070688,0.030869835669281535,0.025926892411659654,-0.06536274206410672,0.034275785350497634,0.7129121145980998,0.0596420266226725,0.05659976493690766,0.07894918236001876,0.014225457065205008,0.018198078479057425
1041,0.03376360457070688,0.030869835669281535,0.025926892411659654,-0.06536274206410672,0.034275785350497634,0.7129121145980998,0.0596420266226725,0.05659976493690766,0.07894918236001876,0.014225457065205008,0.018198078479057425
1042,0.03376360457070688,0.030869835669281535,0.025926892411659654,-0.06536274206410672,0.034275785350497634,0.7129121145980998,0.0596420266226725,0.05659976493690766,0.07894918236001876,0.014225457065205008,0.018198078479057425
1043,0.03376360457070688,0.030869835669281535,0.025926892411659654,-0.06536274206410672,0.034275785350497634,0.7129121145980998,0.0596420266226725,0.05659976493690766,0.07894918236001876,0.014225457065205008,0.018198078479057425
1044,0.03376360457070688,0.030869835669281535,0.025926892411659654,-0.06536274206410672,0.034275785350497634,0.7129121145980998,0.0596420266226725,0.05659976493690766,0.07894918236001876,0.014225457065205008,0.018198078479057425
1045,0.03376360457070688,0.030869835669281535,0.025926892411659654,-0.06536274206410672,0.034275785350497634,0.7129121145980998,0.0596420266226725,0.05659976493690766,0.07894918236001876,0.014225457065205008,0.018198078479057425
1046,0.03376360457070688,0.030869835669281535,0.025926892411659654,-0.06536274206410672,0.034275785350497634,0.7129121145980998,0.0596420266226725,0.05659976493690766,0.07894918236001876,0.014225457065205008,0.018198078479057425
1047,0.03376360457070688,0.030869835669281535,0.025926892411659654,-0.06536274206410672,0.034275785350497634,0.7129121145980998,0.0596420266226725,0.05659976493690766,0.07894918236001876,0.014225457065205008,0.018198078479057425
1048,0.03376360457070688,0.030869835669281535,0.025926892411659654,-0.06536274206410672,0.034275785350497634,0.7129121145980998,0.0596420266226725,0.05659976493690766,0.07894918236001876,0.014225457065205008,0.018198078479057425
1049,0.03376360457070688,0.030869835669281535,0.025926892411659654,-0.06536274206410672,0.034275785350497634,0.7129121145980998,0.0596420266226725,0.05659976493690766,0.07894918236001876,0.014225457065205008,0.018198078479057425
1050,0.03376360457070688,0.030869835669281535,0.025926892411659654,-0.06536274206410672,0.034275785350497634,0.7129121145980998,0.0596420266226725,0.05659976493690766,0.07894918236001876,0.014225457065205008,0.018198078479057425
1051,0.03376360457070688,0.030869835669281535,0.025926892411659654,-0.06536274206410672,0.034275785350497634,0.7129121145980998,0.0596420266226725,0.05659976493690766,0.07894918236001876,0.014225457065205008,0.018198078479057425
1052,0.03376360457070688,0.030869835669281535,0.025926892411659654,-0.06536274206410672,0.034275785350497634,0.7129121145980998,0.0596420266226725,0.05659976493690766,0.07894918236001876,0.014225457065205008,0.018198078479057425
1053,0.03376360457070688,0.030869835669281535,0.025926892411659654,-0.06536274206410672,0.034275785350497634,0.7129121145980998,0.0596420266226725,0.05659976493690766,0.07894918236001876,0.014225457065205008,0.018198078479057425
1054,0.03376360457070688,0.030869835669281535,0.025926892411659654,-0.06536274206410672,0.034275785350497634,0.7129121145980998,0.0596420266226725,0.05659976493690766,0.07894918236001876,0.014225457065205008,0.018198078479057425
1055,0.03376360457070688,0.030869835669281535,0.025926892411659654,-0.06536274206410672,0.034275785350497634,0.7129121145980998,0.0596420266226725,0.05659976493690766,0.07894918236001876,0.014225457065205008,0.018198078479057425
1056,0.03376360457070688,0.030869835669281535,0.025926892411659654,-0.06536274206410672,0.034275785350497634,0.7129121145980998,0.0596420266226725,0.05659976493690766,0.07894918236001876,0.014225457065205008,0.018198078479057425
1057,0.03376360457070688,0.030869835669281535,0.025926892411659654,-0.06536274206410672,0.034275785350497634,0.7129121145980998,0.0596420266226725,0.05659976493690766,0.07894918236001876,0.014225457065205008,0.018198078479057425
1058,0.03376360457070688,0.030869835669281535,0.025926892411659654,-0.06536274206410672,0.034275785350497634,0.7129121145980998,0.0596420266226725,0.05659976493690766,0.07894918236001876,0.014225457065205008,0.018198078479057425
1059,0.03376360457070688,0.030869835669281535,0.025926892411659654,-0.06536274206410672,0.034275785350497634,0.7129121145980998,0.0596420266226725,0.05659976493690766,0.07894918236001876,0.014225457065205008,0.018198078479057425
1060,0.03376360457070688,0.030869835669281535,0.025926892411659654,-0.06536274206410672,0.034275785350497634,0.7129121145980998,0.0596420266226725,0.05659976493690766,0.07894918236001876,0.014225457065205008,0.018198078479057425
1061,0.03376360457070688,0.030869835669281535,0.025926892411659654,-0.06536274206410672,0.034275785350497634,0.7129121145980998,0.0596420266226725,0.05659976493690766,0.07894918236001876,0.014225457065205008,0.018198078479057425
1062,0.03376360457070688,0.030869835669281535,0.025926892411659654,-0.06536274206410672,0.034275785350497634,0.7129121145980998,0.0596420266226725,0.05659976493690766,0.07894918236001876,0.014225457065205008,0.018198078479057425
1063,0.03376360457070688,0.030869835669281535,0.025926892411659654,-0.06536274206410672,0.034275785350497634,0.7129121145980998,0.0596420266226725,0.05659976493690766,0.07894918236001876,0.014225457065205008,0.018198078479057425
1064,0.05886079972097081,0.03402056906940276,0.13482719297940177,0.03924593848405459,0.07197732252277352,0.14092134429070088,0.17895930431186902,0.06506629326811544,0.08420947389547327,0.09695609048798641,0.09495567096925145
1065,0.05886079972097081,0.03402056906940276,0.13482719297940177,0.03924593848405459,0.07197732252277352,0.14092134429070088,0.17895930431186902,0.06506629326811544,0.08420947389547327,0.09695609048798641,0.09495567096925145
1066,0.05886079972097081,0.03402056906940276,0.13482719297940177,0.03924593848405459,0.07197732252277352,0.14092134429070088,0.17895930431186902,0.06506629326811544,0.08420947389547327,0.09695609048798641,0.09495567096925145
1067,0.05886079972097081,0.03402056906940276,0.13482719297940177,0.03924593848405459,0.07197732252277352,0.14092134429070088,0.17895930431186902,0.06506629326811544,0.08420947389547327,0.09695609048798641,0.09495567096925145
1068,0.05886079972097081,0.03402056906940276,0.13482719297940177,0.03924593848405459,0.07197732252277352,0.14092134429070088,0.17895930431186902,0.06506629326811544,0.08420947389547327,0.09695609048798641,0.09495567096925145
1069,0.05886079972097081,0.03402056906940276,0.13482719297940177,0.03924593848405459,0.07197732252277352,0.14092134429070088,0.17895930431186902,0.06506629326811544,0.08420947389547327,0.09695609048798641,0.09495567096925145
1070,0.05886079972097081,0.03402056906940276,0.13482719297940177,0.03924593848405459,0.07197732252277352,0.14092134429070088,0.17895930431186902,0.06506629326811544,0.08420947389547327,0.09695609048798641,0.09495567096925145
1071,0.05886079972097081,0.03402056906940276,0.13482719297940177,0.03924593848405459,0.07197732252277352,0.14092134429070088,0.17895930431186902,0.06506629326811544,0.08420947389547327,0.09695609048798641,0.09495567096925145
1072,0.05886079972097081,0.03402056906940276,0.13482719297940177,0.03924593848405459,0.07197732252277352,0.14092134429070088,0.17895930431186902,0.06506629326811544,0.08420947389547327,0.09695609048798641,0.09495567096925145
1073,0.05886079972097081,0.03402056906940276,0.13482719297940177,0.03924593848405459,0.07197732252277352,0.14092134429070088,0.17895930431186902,0.06506629326811544,0.08420947389547327,0.09695609048798641,0.09495567096925145
1074,0.05886079972097081,0.03402056906940276,0.13482719297940177,0.03924593848405459,0.07197732252277352,0.14092134429070088,0.17895930431186902,0.06506629326811544,0.08420947389547327,0.09695609048798641,0.09495567096925145
1075,0.05886079972097081,0.03402056906940276,0.13482719297940177,0.03924593848405459,0.07197732252277352,0.14092134429070088,0.17895930431186902,0.06506629326811544,0.08420947389547327,0.09695609048798641,0.09495567096925145
1076,0.05886079972097081,0.03402056906940276,0.13482719297940177,0.03924593848405459,0.07197732252277352,0.14092134429070088,0.17895930431186902,0.06506629326811544,0.08420947389547327,0.09695609048798641,0.09495567096925145
1077,0.05886079972097081,0.03402056906940276,0.13482719297940177,0.03924593848405459,0.07197732252277352,0.14092134429070088,0.17895930431186902,0.06506629326811544,0.08420947389547327,0.09695609048798641,0.09495567096925145
1078,0.05886079972097081,0.03402056906940276,0.13482719297940177,0.03924593848405459,0.07197732252277352,0.14092134429070088,0.17895930431186902,0.06506629326811544,0.08420947389547327,0.09695609048798641,0.09495567096925145
1079,0.05886079972097081,0.03402056906940276,0.13482719297940177,0.03924593848405459,0.07197732252277352,0.14092134429070088,0.17895930431186902,0.06506629326811544,0.08420947389547327,0.09695609048798641,0.09495567096925145
1080,0.05886079972097081,0.03402056906940276,0.13482719297940177,0.03924593848405459,0.07197732252277352,0.14092134429070088,0.17895930431186902,0.06506629326811544,0.08420947389547327,0.09695609048798641,0.09495567096925145
1081,0.05886079972097081,0.03402056906940276,0.13482719297940177,0.03924593848405459,0.07197732252277352,0.14092134429070088,0.17895930431186902,0.06506629326811544,0.08420947389547327,0.09695609048798641,0.09495567096925145
1082,0.05886079972097081,0.03402056906940276,0.13482719297940177,0.03924593848405459,0.07197732252277352,0.14092134429070088,0.17895930431186902,0.06506629326811544,0.08420947389547327,0.09695609048798641,0.09495567096925145
1083,0.05886079972097081,0.03402056906940276,0.13482719297940177,0.03924593848405459,0.07197732252277352,0.14092134429070088,0.17895930431186902,0.06506629326811544,0.08420947389547327,0.09695609048798641,0.09495567096925145
1084,0.05886079972097081,0.03402056906940276,0.13482719297940177,0.03924593848405459,0.07197732252277352,0.14092134429070088,0.17895930431186902,0.06506629326811544,0.08420947389547327,0.09695609048798641,0.09495567096925145
1085,0.05886079972097081,0.03402056906940276,0.13482719297940177,0.03924593848405459,0.07197732252277352,0.14092134429070088,0.17895930431186902,0.06506629326811544,0.08420947389547327,0.09695609048798641,0.09495567096925145
1086,0.05886079972097081,0.03402056906940276,0.13482719297940177,0.03924593848405459,0.07197732252277352,0.14092134429070088,0.17895930431186902,0.06506629326811544,0.08420947389547327,0.09695609048798641,0.09495567096925145
1087,0.05886079972097081,0.03402056906940276,0.13482719297940177,0.03924593848405459,0.07197732252277352,0.14092134429070088,0.17895930431186902,0.06506629326811544,0.08420947389547327,0.09695609048798641,0.09495567096925145
1088,0.05886079972097081,0.03402056906940276,0.13482719297940177,0.03924593848405459,0.07197732252277352,0.14092134429070088,0.17895930431186902,0.06506629326811544,0.08420947389547327,0.09695609048798641,0.09495567096925145
1089,0.05886079972097081,0.03402056906940276,0.13482719297940177,0.03924593848405459,0.07197732252277352,0.14092134429070088,0.17895930431186902,0.06506629326811544,0.08420947389547327,0.09695609048798641,0.09495567096925145
1090,0.05886079972097081,0.03402056906940276,0.13482719297940177,0.03924593848405459,0.07197732252277352,0.14092134429070088,0.17895930431186902,0.06506629326811544,0.08420947389547327,0.09695609048798641,0.09495567096925145
1091,0.05886079972097081,0.03402056906940276,0.13482719297940177,0.03924593848405459,0.07197732252277352,0.14092134429070088,0.17895930431186902,0.06506629326811544,0.08420947389547327,0.09695609048798641,0.09495567096925145
1092,0.05886079972097081,0.03402056906940276,0.13482719297940177,0.03924593848405459,0.07197732252277352,0.14092134429070088,0.17895930431186902,0.06506629326811544,0.08420947389547327,0.09695609048798641,0.09495567096925145
1093,0.05886079972097081,0.03402056906940276,0.13482719297940177,0.03924593848405459,0.07197732252277352,0.14092134429070088,0.17895930431186902,0.06506629326811544,0.08420947389547327,0.09695609048798641,0.09495567096925145
1094,0.05886079972097081,0.03402056906940276,0.13482719297940177,0.03924593848405459,0.07197732252277352,0.14092134429070088,0.17895930431186902,0.06506629326811544,0.08420947389547327,0.09695609048798641,0.09495567096925145
1095,0.12150050565056171,0.1644320146977964,0.3219470522566385,0.05664794249247889,0.08355458028226075,0.14823349957118373,0.07163895197235157,0.08766272851433526,0.07956309531263762,0.16481962924975554,-0.3
1096,0.12150050565056171,0.1644320146977964,0.3219470522566385,0.05664794249247889,0.08355458028226075,0.14823349957118373,0.07163895197235157,0.08766272851433526,0.07956309531263762,0.16481962924975554,-0.3
1097,0.12150050565056171,0.1644320146977964,0.3219470522566385,0.05664794249247889,0.08355458028226075,0.14823349957118373,0.07163895197235157,0.08766272851433526,0.07956309531263762,0.16481962924975554,-0.3
1098,0.12150050565056171,0.1644320146977964,0.3219470522566385,0.05664794249247889,0.08355458028226075,0.14823349957118373,0.07163895197235157,0.08766272851433526,0.07956309531263762,0.16481962924975554,-0.3
1099,0.12150050565056171,0.1644320146977964,0.3219470522566385,0.05664794249247889,0.08355458028226075,0.14823349957118373,0.07163895197235157,0.08766272851433526,0.07956309531263762,0.16481962924975554,-0.3
1100,0.12150050565056171,0.1644320146977964,0.3219470522566385,0.05664794249247889,0.08355458028226075,0.14823349957118373,0.07163895197235157,0.08766272851433526,0.07956309531263762,0.16481962924975554,-0.3
1101,0.12150050565056171,0.1644320146977964,0.3219470522566385,0.05664794249247889,0.08355458028226075,0.14823349957118373,0.07163895197235157,0.08766272851433526,0.07956309531263762,0.16481962924975554,-0.3
1102,0.12150050565056171,0.1644320146977964,0.3219470522566385,0.05664794249247889,0.08355458028226075,0.14823349957118373,0.07163895197235157,0.08766272851433526,0.07956309531263762,0.16481962924975554,-0.3
1103,0.12150050565056171,0.1644320146977964,0.3219470522566385,0.05664794249247889,0.08355458028226075,0.14823349957118373,0.07163895197235157,0.08766272851433526,0.07956309531263762,0.16481962924975554,-0.3
1104,0.12150050565056171,0.1644320146977964,0.3219470522566385,0.05664794249247889,0.08355458028226075,0.14823349957118373,0.07163895197235157,0.08766272851433526,0.07956309531263762,0.16481962924975554,-0.3
1105,0.12150050565056171,0.1644320146977964,0.3219470522566385,0.05664794249247889,0.08355458028226075,0.14823349957118373,0.07163895197235157,0.08766272851433526,0.07956309531263762,0.16481962924975554,-0.3
1106,0.12150050565056171,0.1644320146977964,0.3219470522566385,0.05664794249247889,0.08355458028226075,0.14823349957118373,0.07163895197235157,0.08766272851433526,0.07956309531263762,0.16481962924975554,-0.3
1107,0.12150050565056171,0.1644320146977964,0.3219470522566385,0.05664794249247889,0.08355458028226075,0.14823349957118373,0.07163895197235157,0.08766272851433526,0.07956309531263762,0.16481962924975554,-0.3
1108,0.12150050565056171,0.1644320146977964,0.3219470522566385,0.05664794249247889,0.08355458028226075,0.14823349957118373,0.07163895197235157,0.08766272851433526,0.07956309531263762,0.16481962924975554,-0.3
1109,0.12150050565056171,0.1644320146977964,0.3219470522566385,0.05664794249247889,0.08355458028226075,0.14823349957118373,0.07163895197235157,0.08766272851433526,0.07956309531263762,0.16481962924975554,-0.3
1110,0.12150050565056171,0.1644320146977964,0.3219470522566385,0.05664794249247889,0.08355458028226075,0.14823349957118373,0.07163895197235157,0.08766272851433526,0.07956309531263762,0.16481962924975554,-0.3
1111,0.12150050565056171,0.1644320146977964,0.3219470522566385,0.05664794249247889,0.08355458028226075,0.14823349957118373,0.07163895197235157,0.08766272851433526,0.07956309531263762,0.16481962924975554,-0.3
1112,0.12150050565056171,0.1644320146977964,0.3219470522566385,0.05664794249247889,0.08355458028226075,0.14823349957118373,0.07163895197235157,0.08766272851433526,0.07956309531263762,0.16481962924975554,-0.3
1113,0.12150050565056171,0.1644320146977964,0.3219470522566385,0.05664794249247889,0.08355458028226075,0.14823349957118373,0.07163895197235157,0.08766272851433526,0.07956309531263762,0.16481962924975554,-0.3
1114,0.12150050565056171,0.1644320146977964,0.3219470522566385,0.05664794249247889,0.08355458028226075,0.14823349957118373,0.07163895197235157,0.08766272851433526,0.07956309531263762,0.16481962924975554,-0.3
1115,0.12150050565056171,0.1644320146977964,0.3219470522566385,0.05664794249247889,0.08355458028226075,0.14823349957118373,0.07163895197235157,0.08766272851433526,0.07956309531263762,0.16481962924975554,-0.3
1116,0.12150050565056171,0.1644320146977964,0.3219470522566385,0.05664794249247889,0.08355458028226075,0.14823349957118373,0.07163895197235157,0.08766272851433526,0.07956309531263762,0.16481962924975554,-0.3
1117,0.12150050565056171,0.1644320146977964,0.3219470522566385,0.05664794249247889,0.08355458028226075,0.14823349957118373,0.07163895197235157,0.08766272851433526,0.07956309531263762,0.16481962924975554,-0.3
1118,0.12150050565056171,0.1644320146977964,0.3219470522566385,0.05664794249247889,0.08355458028226075,0.14823349957118373,0.07163895197235157,0.08766272851433526,0.07956309531263762,0.16481962924975554,-0.3
1119,0.12150050565056171,0.1644320146977964,0.3219470522566385,0.05664794249247889,0.08355458028226075,0.14823349957118373,0.07163895197235157,0.08766272851433526,0.07956309531263762,0.16481962924975554,-0.3
1120,0.12150050565056171,0.1644320146977964,0.3219470522566385,0.05664794249247889,0.08355458028226075,0.14823349957118373,0.07163895197235157,0.08766272851433526,0.07956309531263762,0.16481962924975554,-0.3
1121,0.12150050565056171,0.1644320146977964,0.3219470522566385,0.05664794249247889,0.08355458028226075,0.14823349957118373,0.07163895197235157,0.08766272851433526,0.07956309531263762,0.16481962924975554,-0.3
1122,0.12150050565056171,0.1644320146977964,0.3219470522566385,0.05664794249247889,0.08355458028226075,0.14823349957118373,0.07163895197235157,0.08766272851433526,0.07956309531263762,0.16481962924975554,-0.3
1123,0.12150050565056171,0.1644320146977964,0.3219470522566385,0.05664794249247889,0.08355458028226075,0.14823349957118373,0.07163895197235157,0.08766272851433526,0.07956309531263762,0.16481962924975554,-0.3
1124,0.12150050565056171,0.1644320146977964,0.3219470522566385,0.05664794249247889,0.08355458028226075,0.14823349957118373,0.07163895197235157,0.08766272851433526,0.07956309531263762,0.16481962924975554,-0.3
1125,0.12150050565056171,0.1644320146977964,0.3219470522566385,0.05664794249247889,0.08355458028226075,0.14823349957118373,0.07163895197235157,0.08766272851433526,0.07956309531263762,0.16481962924975554,-0.3
1126,0.059075932615273184,0.11355970189349682,0.05025274328241081,-0.02521183760724709,0.10926842991141245,0.16817696041292202,0.3339621339575625,0.05912725838791464,0.06961736438938512,0.02914913742132095,0.03302217533554864
1127,0.059075932615273184,0.11355970189349682,0.05025274328241081,-0.02521183760724709,0.10926842991141245,0.16817696041292202,0.3339621339575625,0.05912725838791464,0.06961736438938512,0.02914913742132095,0.03302217533554864
1128,0.059075932615273184,0.11355970189349682,0.05025274328241081,-0.02521183760724709,0.10926842991141245,0.16817696041292202,0.3339621339575625,0.05912725838791464,0.06961736438938512,0.02914913742132095,0.03302217533554864
1129,0.059075932615273184,0.11355970189349682,0.05025274328241081,-0.02521183760724709,0.10926842991141245,0.16817696041292202,0.3339621339575625,0.05912725838791464,0.06961736438938512,0.02914913742132095,0.03302217533554864
1130,0.059075932615273184,0.11355970189349682,0.05025274328241081,-0.02521183760724709,0.10926842991141245,0.16817696041292202,0.3339621339575625,0.05912725838791464,0.06961736438938512,0.02914913742132095,0.03302217533554864
1131,0.059075932615273184,0.11355970189349682,0.05025274328241081,-0.02521183760724709,0.10926842991141245,0.16817696041292202,0.3339621339575625,0.05912725838791464,0.06961736438938512,0.02914913742132095,0.03302217533554864
1132,0.059075932615273184,0.11355970189349682,0.05025274328241081,-0.02521183760724709,0.10926842991141245,0.16817696041292202,0.3339621339575625,0.05912725838791464,0.06961736438938512,0.02914913742132095,0.03302217533554864
1133,0.059075932615273184,0.11355970189349682,0.05025274328241081,-0.02521183760724709,0.10926842991141245,0.16817696041292202,0.3339621339575625,0.05912725838791464,0.06961736438938512,0.02914913742132095,0.03302217533554864
1134,0.059075932615273184,0.11355970189349682,0.05025274328241081,-0.02521183760724709,0.10926842991141245,0.16817696041292202,0.3339621339575625,0.05912725838791464,0.06961736438938512,0.02914913742132095,0.03302217533554864
1135,0.059075932615273184,0.11355970189349682,0.05025274328241081,-0.02521183760724709,0.10926842991141245,0.16817696041292202,0.3339621339575625,0.05912725838791464,0.06961736438938512,0.02914913742132095,0.03302217533554864
1136,0.059075932615273184,0.11355970189349682,0.05025274328241081,-0.02521183760724709,0.10926842991141245,0.16817696041292202,0.3339621339575625,0.05912725838791464,0.06961736438938512,0.02914913742132095,0.03302217533554864
1137,0.059075932615273184,0.11355970189349682,0.05025274328241081,-0.02521183760724709,0.10926842991141245,0.16817696041292202,0.3339621339575625,0.05912725838791464,0.06961736438938512,0.02914913742132095,0.03302217533554864
1138,0.059075932615273184,0.11355970189349682,0.05025274328241081,-0.02521183760724709,0.10926842991141245,0.16817696041292202,0.3339621339575625,0.05912725838791464,0.06961736438938512,0.02914913742132095,0.03302217533554864
1139,0.059075932615273184,0.11355970189349682,0.05025274328241081,-0.02521183760724709,0.10926842991141245,0.16817696041292202,0.3339621339575625,0.05912725838791464,0.06961736438938512,0.02914913742132095,0.03302217533554864
1140,0.059075932615273184,0.11355970189349682,0.05025274328241081,-0.02521183760724709,0.10926842991141245,0.16817696041292202,0.3339621339575625,0.05912725838791464,0.06961736438938512,0.02914913742132095,0.03302217533554864
1141,0.059075932615273184,0.11355970189349682,0.05025274328241081,-0.02521183760724709,0.10926842991141245,0.16817696041292202,0.3339621339575625,0.05912725838791464,0.06961736438938512,0.02914913742132095,0.03302217533554864
1142,0.059075932615273184,0.11355970189349682,0.05025274328241081,-0.02521183760724709,0.10926842991141245,0.16817696041292202,0.3339621339575625,0.05912725838791464,0.06961736438938512,0.02914913742132095,0.03302217533554864
1143,0.059075932615273184,0.11355970189349682,0.05025274328241081,-0.02521183760724709,0.10926842991141245,0.16817696041292202,0.3339621339575625,0.05912725838791464,0.06961736438938512,0.02914913742132095,0.03302217533554864
1144,0.059075932615273184,0.11355970189349682,0.05025274328241081,-0.02521183760724709,0.10926842991141245,0.16817696041292202,0.3339621339575625,0.05912725838791464,0.06961736438938512,0.02914913742132095,0.03302217533554864
1145,0.059075932615273184,0.11355970189349682,0.05025274328241081,-0.02521183760724709,0.10926842991141245,0.16817696041292202,0.3339621339575625,0.05912725838791464,0.06961736438938512,0.02914913742132095,0.03302217533554864
1146,0.059075932615273184,0.11355970189349682,0.05025274328241081,-0.02521183760724709,0.10926842991141245,0.16817696041292202,0.3339621339575625,0.05912725838791464,0.06961736438938512,0.02914913742132095,0.03302217533554864
1147,0.059075932615273184,0.11355970189349682,0.05025274328241081,-0.02521183760724709,0.10926842991141245,0.16817696041292202,0.3339621339575625,0.05912725838791464,0.06961736438938512,0.02914913742132095,0.03302217533554864
1148,0.059075932615273184,0.11355970189349682,0.05025274328241081,-0.02521183760724709,0.10926842991141245,0.16817696041292202,0.3339621339575625,0.05912725838791464,0.06961736438938512,0.02914913742132095,0.03302217533554864
1149,0.059075932615273184,0.11355970189349682,0.05025274328241081,-0.02521183760724709,0.10926842991141245,0.16817696041292202,0.3339621339575625,0.05912725838791464,0.06961736438938512,0.02914913742132095,0.03302217533554864
1150,0.059075932615273184,0.11355970189349682,0.05025274328241081,-0.02521183760724709,0.10926842991141245,0.16817696041292202,0.3339621339575625,0.05912725838791464,0.06961736438938512,0.02914913742132095,0.03302217533554864
1151,0.059075932615273184,0.11355970189349682,0.05025274328241081,-0.02521183760724709,0.10926842991141245,0.16817696041292202,0.3339621339575625,0.05912725838791464,0.06961736438938512,0.02914913742132095,0.03302217533554864
1152,0.059075932615273184,0.11355970189349682,0.05025274328241081,-0.02521183760724709,0.10926842991141245,0.16817696041292202,0.3339621339575625,0.05912725838791464,0.06961736438938512,0.02914913742132095,0.03302217533554864
1153,0.059075932615273184,0.11355970189349682,0.05025274328241081,-0.02521183760724709,0.10926842991141245,0.16817696041292202,0.3339621339575625,0.05912725838791464,0.06961736438938512,0.02914913742132095,0.03302217533554864
1154,0.059075932615273184,0.11355970189349682,0.05025274328241081,-0.02521183760724709,0.10926842991141245,0.16817696041292202,0.3339621339575625,0.05912725838791464,0.06961736438938512,0.02914913742132095,0.03302217533554864
1155,0.09086830052483223,0.07960070589908626,0.12840949715958677,0.047326847917591265,0.06289661356266865,0.11188819629561861,0.06738632958322892,0.08274009898392658,0.07102035257624668,0.09037918689393834,0.1674838706032758
1156,0.09086830052483223,0.07960070589908626,0.12840949715958677,0.047326847917591265,0.06289661356266865,0.11188819629561861,0.06738632958322892,0.08274009898392658,0.07102035257624668,0.09037918689393834,0.1674838706032758
1157,0.09086830052483223,0.07960070589908626,0.12840949715958677,0.047326847917591265,0.06289661356266865,0.11188819629561861,0.06738632958322892,0.08274009898392658,0.07102035257624668,0.09037918689393834,0.1674838706032758
1158,0.09086830052483223,0.07960070589908626,0.12840949715958677,0.047326847917591265,0.06289661356266865,0.11188819629561861,0.06738632958322892,0.08274009898392658,0.07102035257624668,0.09037918689393834,0.1674838706032758
1159,0.09086830052483223,0.07960070589908626,0.12840949715958677,0.047326847917591265,0.06289661356266865,0.11188819629561861,0.06738632958322892,0.08274009898392658,0.07102035257624668,0.09037918689393834,0.1674838706032758
1160,0.09086830052483223,0.07960070589908626,0.12840949715958677,0.047326847917591265,0.06289661356266865,0.11188819629561861,0.06738632958322892,0.08274009898392658,0.07102035257624668,0.09037918689393834,0.1674838706032758
1161,0.09086830052483223,0.07960070589908626,0.12840949715958677,0.047326847917591265,0.06289661356266865,0.11188819629561861,0.06738632958322892,0.08274009898392658,0.07102035257624668,0.09037918689393834,0.1674838706032758
1162,0.09086830052483223,0.07960070589908626,0.12840949715958677,0.047326847917591265,0.06289661356266865,0.11188819629561861,0.06738632958322892,0.08274009898392658,0.07102035257624668,0.09037918689393834,0.1674838706032758
1163,0.09086830052483223,0.07960070589908626,0.12840949715958677,0.047326847917591265,0.06289661356266865,0.11188819629561861,0.06738632958322892,0.08274009898392658,0.07102035257624668,0.09037918689393834,0.1674838706032758
1164,0.09086830052483223,0.07960070589908626,0.12840949715958677,0.047326847917591265,0.06289661356266865,0.11188819629561861,0.06738632958322892,0.08274009898392658,0.07102035257624668,0.09037918689393834,0.1674838706032758
1165,0.09086830052483223,0.07960070589908626,0.12840949715958677,0.047326847917591265,0.06289661356266865,0.11188819629561861,0.06738632958322892,0.08274009898392658,0.07102035257624668,0.09037918689393834,0.1674838706032758
1166,0.09086830052483223,0.07960070589908626,0.12840949715958677,0.047326847917591265,0.06289661356266865,0.11188819629561861,0.06738632958322892,0.08274009898392658,0.07102035257624668,0.09037918689393834,0.1674838706032758
1167,0.09086830052483223,0.07960070589908626,0.12840949715958677,0.047326847917591265,0.06289661356266865,0.11188819629561861,0.06738632958322892,0.08274009898392658,0.07102035257624668,0.09037918689393834,0.1674838706032758
1168,0.09086830052483223,0.07960070589908626,0.12840949715958677,0.047326847917591265,0.06289661356266865,0.11188819629561861,0.06738632958322892,0.08274009898392658,0.07102035257624668,0.09037918689393834,0.1674838706032758
1169,0.09086830052483223,0.07960070589908626,0.12840949715958677,0.047326847917591265,0.06289661356266865,0.11188819629561861,0.06738632958322892,0.08274009898392658,0.07102035257624668,0.09037918689393834,0.1674838706032758
1170,0.09086830052483223,0.07960070589908626,0.12840949715958677,0.047326847917591265,0.06289661356266865,0.11188819629561861,0.06738632958322892,0.08274009898392658,0.07102035257624668,0.09037918689393834,0.1674838706032758
1171,0.09086830052483223,0.07960070589908626,0.12840949715958677,0.047326847917591265,0.06289661356266865,0.11188819629561861,0.06738632958322892,0.08274009898392658,0.07102035257624668,0.09037918689393834,0.1674838706032758
1172,0.09086830052483223,0.07960070589908626,0.12840949715958677,0.047326847917591265,0.06289661356266865,0.11188819629561861,0.06738632958322892,0.08274009898392658,0.07102035257624668,0.09037918689393834,0.1674838706032758
1173,0.09086830052483223,0.07960070589908626,0.12840949715958677,0.047326847917591265,0.06289661356266865,0.11188819629561861,0.06738632958322892,0.08274009898392658,0.07102035257624668,0.09037918689393834,0.1674838706032758
1174,0.09086830052483223,0.07960070589908626,0.12840949715958677,0.047326847917591265,0.06289661356266865,0.11188819629561861,0.06738632958322892,0.08274009898392658,0.07102035257624668,0.09037918689393834,0.1674838706032758
1175,0.09086830052483223,0.07960070589908626,0.12840949715958677,0.047326847917591265,0.06289661356266865,0.11188819629561861,0.06738632958322892,0.08274009898392658,0.07102035257624668,0.09037918689393834,0.1674838706032758
1176,0.09086830052483223,0.07960070589908626,0.12840949715958677,0.047326847917591265,0.06289661356266865,0.11188819629561861,0.06738632958322892,0.08274009898392658,0.07102035257624668,0.09037918689393834,0.1674838706032758
1177,0.09086830052483223,0.07960070589908626,0.12840949715958677,0.047326847917591265,0.06289661356266865,0.11188819629561861,0.06738632958322892,0.08274009898392658,0.07102035257624668,0.09037918689393834,0.1674838706032758
1178,0.09086830052483223,0.07960070589908626,0.12840949715958677,0.047326847917591265,0.06289661356266865,0.11188819629561861,0.06738632958322892,0.08274009898392658,0.07102035257624668,0.09037918689393834,0.1674838706032758
1179,0.09086830052483223,0.07960070589908626,0.12840949715958677,0.047326847917591265,0.06289661356266865,0.11188819629561861,0.06738632958322892,0.08274009898392658,0.07102035257624668,0.09037918689393834,0.1674838706032758
1180,0.09086830052483223,0.07960070589908626,0.12840949715958677,0.047326847917591265,0.06289661356266865,0.11188819629561861,0.06738632958322892,0.08274009898392658,0.07102035257624668,0.09037918689393834,0.1674838706032758
1181,0.09086830052483223,0.07960070589908626,0.12840949715958677,0.047326847917591265,0.06289661356266865,0.11188819629561861,0.06738632958322892,0.08274009898392658,0.07102035257624668,0.09037918689393834,0.1674838706032758
1182,0.09086830052483223,0.07960070589908626,0.12840949715958677,0.047326847917591265,0.06289661356266865,0.11188819629561861,0.06738632958322892,0.08274009898392658,0.07102035257624668,0.09037918689393834,0.1674838706032758
1183,0.09086830052483223,0.07960070589908626,0.12840949715958677,0.047326847917591265,0.06289661356266865,0.11188819629561861,0.06738632958322892,0.08274009898392658,0.07102035257624668,0.09037918689393834,0.1674838706032758
1184,0.09086830052483223,0.07960070589908626,0.12840949715958677,0.047326847917591265,0.06289661356266865,0.11188819629561861,0.06738632958322892,0.08274009898392658,0.07102035257624668,0.09037918689393834,0.1674838706032758
1185,0.09086830052483223,0.07960070589908626,0.12840949715958677,0.047326847917591265,0.06289661356266865,0.11188819629561861,0.06738632958322892,0.08274009898392658,0.07102035257624668,0.09037918689393834,0.1674838706032758
1186,0.0585980594688808,0.16081633276011378,-0.13951942945143517,0.04617016714668964,0.08668637487779607,0.5553309321341208,0.07456517140540478,0.12487684957794488,0.05113166006998202,0.1418244525590672,-0.16048057054856482
1187,0.0585980594688808,0.16081633276011378,-0.13951942945143517,0.04617016714668964,0.08668637487779607,0.5553309321341208,0.07456517140540478,0.12487684957794488,0.05113166006998202,0.1418244525590672,-0.16048057054856482
1188,0.0585980594688808,0.16081633276011378,-0.13951942945143517,0.04617016714668964,0.08668637487779607,0.5553309321341208,0.07456517140540478,0.12487684957794488,0.05113166006998202,0.1418244525590672,-0.16048057054856482
1189,0.0585980594688808,0.16081633276011378,-0.13951942945143517,0.04617016714668964,0.08668637487779607,0.5553309321341208,0.07456517140540478,0.12487684957794488,0.05113166006998202,0.1418244525590672,-0.16048057054856482
1190,0.0585980594688808,0.16081633276011378,-0.13951942945143517,0.04617016714668964,0.08668637487779607,0.5553309321341208,0.07456517140540478,0.12487684957794488,0.05113166006998202,0.1418244525590672,-0.16048057054856482
1191,0.0585980594688808,0.16081633276011378,-0.13951942945143517,0.04617016714668964,0.08668637487779607,0.5553309321341208,0.07456517140540478,0.12487684957794488,0.05113166006998202,0.1418244525590672,-0.16048057054856482
1192,0.0585980594688808,0.16081633276011378,-0.13951942945143517,0.04617016714668964,0.08668637487779607,0.5553309321341208,0.07456517140540478,0.12487684957794488,0.05113166006998202,0.1418244525590672,-0.16048057054856482
1193,0.0585980594688808,0.16081633276011378,-0.13951942945143517,0.04617016714668964,0.08668637487779607,0.5553309321341208,0.07456517140540478,0.12487684957794488,0.05113166006998202,0.1418244525590672,-0.16048057054856482
1194,0.0585980594688808,0.16081633276011378,-0.13951942945143517,0.04617016714668964,0.08668637487779607,0.5553309321341208,0.07456517140540478,0.12487684957794488,0.05113166006998202,0.1418244525590672,-0.16048057054856482
1195,0.0585980594688808,0.16081633276011378,-0.13951942945143517,0.04617016714668964,0.08668637487779607,0.5553309321341208,0.07456517140540478,0.12487684957794488,0.05113166006998202,0.1418244525590672,-0.16048057054856482
1196,0.0585980594688808,0.16081633276011378,-0.13951942945143517,0.04617016714668964,0.08668637487779607,0.5553309321341208,0.07456517140540478,0.12487684957794488,0.05113166006998202,0.1418244525590672,-0.16048057054856482
1197,0.0585980594688808,0.16081633276011378,-0.13951942945143517,0.04617016714668964,0.08668637487779607,0.5553309321341208,0.07456517140540478,0.12487684957794488,0.05113166006998202,0.1418244525590672,-0.16048057054856482
1198,0.0585980594688808,0.16081633276011378,-0.13951942945143517,0.04617016714668964,0.08668637487779607,0.5553309321341208,0.07456517140540478,0.12487684957794488,0.05113166006998202,0.1418244525590672,-0.16048057054856482
1199,0.0585980594688808,0.16081633276011378,-0.13951942945143517,0.04617016714668964,0.08668637487779607,0.5553309321341208,0.07456517140540478,0.12487684957794488,0.05113166006998202,0.1418244525590672,-0.16048057054856482
1200,0.0585980594688808,0.16081633276011378,-0.13951942945143517,0.04617016714668964,0.08668637487779607,0.5553309321341208,0.07456517140540478,0.12487684957794488,0.05113166006998202,0.1418244525590672,-0.16048057054856482
1201,0.0585980594688808,0.16081633276011378,-0.13951942945143517,0.04617016714668964,0.08668637487779607,0.5553309321341208,0.07456517140540478,0.12487684957794488,0.05113166006998202,0.1418244525590672,-0.16048057054856482
1202,0.0585980594688808,0.16081633276011378,-0.13951942945143517,0.04617016714668964,0.08668637487779607,0.5553309321341208,0.07456517140540478,0.12487684957794488,0.05113166006998202,0.1418244525590672,-0.16048057054856482
1203,0.0585980594688808,0.16081633276011378,-0.13951942945143517,0.04617016714668964,0.08668637487779607,0.5553309321341208,0.07456517140540478,0.12487684957794488,0.05113166006998202,0.1418244525590672,-0.16048057054856482
1204,0.0585980594688808,0.16081633276011378,-0.13951942945143517,0.04617016714668964,0.08668637487779607,0.5553309321341208,0.07456517140540478,0.12487684957794488,0.05113166006998202,0.1418244525590672,-0.16048057054856482
1205,0.0585980594688808,0.16081633276011378,-0.13951942945143517,0.04617016714668964,0.08668637487779607,0.5553309321341208,0.07456517140540478,0.12487684957794488,0.05113166006998202,0.1418244525590672,-0.16048057054856482
1206,0.0585980594688808,0.16081633276011378,-0.13951942945143517,0.04617016714668964,0.08668637487779607,0.5553309321341208,0.07456517140540478,0.12487684957794488,0.05113166006998202,0.1418244525590672,-0.16048057054856482
1207,0.0585980594688808,0.16081633276011378,-0.13951942945143517,0.04617016714668964,0.08668637487779607,0.5553309321341208,0.07456517140540478,0.12487684957794488,0.05113166006998202,0.1418244525590672,-0.16048057054856482
1208,0.0585980594688808,0.16081633276011378,-0.13951942945143517,0.04617016714668964,0.08668637487779607,0.5553309321341208,0.07456517140540478,0.12487684957794488,0.05113166006998202,0.1418244525590672,-0.16048057054856482
1209,0.0585980594688808,0.16081633276011378,-0.13951942945143517,0.04617016714668964,0.08668637487779607,0.5553309321341208,0.07456517140540478,0.12487684957794488,0.05113166006998202,0.1418244525590672,-0.16048057054856482
1210,0.0585980594688808,0.16081633276011378,-0.13951942945143517,0.04617016714668964,0.08668637487779607,0.5553309321341208,0.07456517140540478,0.12487684957794488,0.05113166006998202,0.1418244525590672,-0.16048057054856482
1211,0.0585980594688808,0.16081633276011378,-0.13951942945143517,0.04617016714668964,0.08668637487779607,0.5553309321341208,0.07456517140540478,0.12487684957794488,0.05113166006998202,0.1418244525590672,-0.16048057054856482
1212,0.0585980594688808,0.16081633276011378,-0.13951942945143517,0.04617016714668964,0.08668637487779607,0.5553309321341208,0.07456517140540478,0.12487684957794488,0.05113166006998202,0.1418244525590672,-0.16048057054856482
1213,0.0585980594688808,0.16081633276011378,-0.13951942945143517,0.04617016714668964,0.08668637487779607,0.5553309321341208,0.07456517140540478,0.12487684957794488,0.05113166006998202,0.1418244525590672,-0.16048057054856482
1214,0.0585980594688808,0.16081633276011378,-0.13951942945143517,0.04617016714668964,0.08668637487779607,0.5553309321341208,0.07456517140540478,0.12487684957794488,0.05113166006998202,0.1418244525590672,-0.16048057054856482
1215,0.0585980594688808,0.16081633276011378,-0.13951942945143517,0.04617016714668964,0.08668637487779607,0.5553309321341208,0.07456517140540478,0.12487684957794488,0.05113166006998202,0.1418244525590672,-0.16048057054856482
1216,0.043381742424875844,0.03450062335273714,0.13411459762508182,0.017136819422656494,0.03823645722630658,-0.30000000000000027,0.03570353178041627,0.06450053368301409,0.034554979434877856,0.08481692271669761,0.8130537923333365
1217,0.043381742424875844,0.03450062335273714,0.13411459762508182,0.017136819422656494,0.03823645722630658,-0.30000000000000027,0.03570353178041627,0.06450053368301409,0.034554979434877856,0.08481692271669761,0.8130537923333365
1218,0.043381742424875844,0.03450062335273714,0.13411459762508182,0.017136819422656494,0.03823645722630658,-0.30000000000000027,0.03570353178041627,0.06450053368301409,0.034554979434877856,0.08481692271669761,0.8130537923333365
1219,0.043381742424875844,0.03450062335273714,0.13411459762508182,0.017136819422656494,0.03823645722630658,-0.30000000000000027,0.03570353178041627,0.06450053368301409,0.034554979434877856,0.08481692271669761,0.8130537923333365
1220,0.043381742424875844,0.03450062335273714,0.13411459762508182,0.017136819422656494,0.03823645722630658,-0.30000000000000027,0.03570353178041627,0.06450053368301409,0.034554979434877856,0.08481692271669761,0.8130537923333365
1221,0.043381742424875844,0.03450062335273714,0.13411459762508182,0.017136819422656494,0.03823645722630658,-0.30000000000000027,0.03570353178041627,0.06450053368301409,0.034554979434877856,0.08481692271669761,0.8130537923333365
1222,0.043381742424875844,0.03450062335273714,0.13411459762508182,0.017136819422656494,0.03823645722630658,-0.30000000000000027,0.03570353178041627,0.06450053368301409,0.034554979434877856,0.08481692271669761,0.8130537923333365
1223,0.043381742424875844,0.03450062335273714,0.13411459762508182,0.017136819422656494,0.03823645722630658,-0.30000000000000027,0.03570353178041627,0.06450053368301409,0.034554979434877856,0.08481692271669761,0.8130537923333365
1224,0.043381742424875844,0.03450062335273714,0.13411459762508182,0.017136819422656494,0.03823645722630658,-0.30000000000000027,0.03570353178041627,0.06450053368301409,0.034554979434877856,0.08481692271669761,0.8130537923333365
1225,0.043381742424875844,0.03450062335273714,0.13411459762508182,0.017136819422656494,0.03823645722630658,-0.30000000000000027,0.03570353178041627,0.06450053368301409,0.034554979434877856,0.08481692271669761,0.8130537923333365
1226,0.043381742424875844,0.03450062335273714,0.13411459762508182,0.017136819422656494,0.03823645722630658,-0.30000000000000027,0.03570353178041627,0.06450053368301409,0.034554979434877856,0.08481692271669761,0.8130537923333365
1227,0.043381742424875844,0.03450062335273714,0.13411459762508182,0.017136819422656494,0.03823645722630658,-0.30000000000000027,0.03570353178041627,0.06450053368301409,0.034554979434877856,0.08481692271669761,0.8130537923333365
1228,0.043381742424875844,0.03450062335273714,0.13411459762508182,0.017136819422656494,0.03823645722630658,-0.30000000000000027,0.03570353178041627,0.06450053368301409,0.034554979434877856,0.08481692271669761,0.8130537923333365
1229,0.043381742424875844,0.03450062335273714,0.13411459762508182,0.017136819422656494,0.03823645722630658,-0.30000000000000027,0.03570353178041627,0.06450053368301409,0.034554979434877856,0.08481692271669761,0.8130537923333365
1230,0.043381742424875844,0.03450062335273714,0.13411459762508182,0.017136819422656494,0.03823645722630658,-0.30000000000000027,0.03570353178041627,0.06450053368301409,0.034554979434877856,0.08481692271669761,0.8130537923333365
1231,0.043381742424875844,0.03450062335273714,0.13411459762508182,0.017136819422656494,0.03823645722630658,-0.30000000000000027,0.03570353178041627,0.06450053368301409,0.034554979434877856,0.08481692271669761,0.8130537923333365
1232,0.043381742424875844,0.03450062335273714,0.13411459762508182,0.017136819422656494,0.03823645722630658,-0.30000000000000027,0.03570353178041627,0.06450053368301409,0.034554979434877856,0.08481692271669761,0.8130537923333365
1233,0.043381742424875844,0.03450062335273714,0.13411459762508182,0.017136819422656494,0.03823645722630658,-0.30000000000000027,0.03570353178041627,0.06450053368301409,0.034554979434877856,0.08481692271669761,0.8130537923333365
1234,0.043381742424875844,0.03450062335273714,0.13411459762508182,0.017136819422656494,0.03823645722630658,-0.30000000000000027,0.03570353178041627,0.06450053368301409,0.034554979434877856,0.08481692271669761,0.8130537923333365
1235,0.043381742424875844,0.03450062335273714,0.13411459762508182,0.017136819422656494,0.03823645722630658,-0.30000000000000027,0.03570353178041627,0.06450053368301409,0.034554979434877856,0.08481692271669761,0.8130537923333365
1236,0.043381742424875844,0.03450062335273714,0.13411459762508182,0.017136819422656494,0.03823645722630658,-0.30000000000000027,0.03570353178041627,0.06450053368301409,0.034554979434877856,0.08481692271669761,0.8130537923333365
1237,0.043381742424875844,0.03450062335273714,0.13411459762508182,0.017136819422656494,0.03823645722630658,-0.30000000000000027,0.03570353178041627,0.06450053368301409,0.034554979434877856,0.08481692271669761,0.8130537923333365
1238,0.043381742424875844,0.03450062335273714,0.13411459762508182,0.017136819422656494,0.03823645722630658,-0.30000000000000027,0.03570353178041627,0.06450053368301409,0.034554979434877856,0.08481692271669761,0.8130537923333365
1239,0.043381742424875844,0.03450062335273714,0.13411459762508182,0.017136819422656494,0.03823645722630658,-0.30000000000000027,0.03570353178041627,0.06450053368301409,0.034554979434877856,0.08481692271669761,0.8130537923333365
1240,0.043381742424875844,0.03450062335273714,0.13411459762508182,0.017136819422656494,0.03823645722630658,-0.30000000000000027,0.03570353178041627,0.06450053368301409,0.034554979434877856,0.08481692271669761,0.8130537923333365
1241,0.043381742424875844,0.03450062335273714,0.13411459762508182,0.017136819422656494,0.03823645722630658,-0.30000000000000027,0.03570353178041627,0.06450053368301409,0.034554979434877856,0.08481692271669761,0.8130537923333365
1242,0.043381742424875844,0.03450062335273714,0.13411459762508182,0.017136819422656494,0.03823645722630658,-0.30000000000000027,0.03570353178041627,0.06450053368301409,0.034554979434877856,0.08481692271669761,0.8130537923333365
1243,0.043381742424875844,0.03450062335273714,0.13411459762508182,0.017136819422656494,0.03823645722630658,-0.30000000000000027,0.03570353178041627,0.06450053368301409,0.034554979434877856,0.08481692271669761,0.8130537923333365
1244,0.043381742424875844,0.03450062335273714,0.13411459762508182,0.017136819422656494,0.03823645722630658,-0.30000000000000027,0.03570353178041627,0.06450053368301409,0.034554979434877856,0.08481692271669761,0.8130537923333365
1245,0.043381742424875844,0.03450062335273714,0.13411459762508182,0.017136819422656494,0.03823645722630658,-0.30000000000000027,0.03570353178041627,0.06450053368301409,0.034554979434877856,0.08481692271669761,0.8130537923333365
1246,0.043381742424875844,0.03450062335273714,0.13411459762508182,0.017136819422656494,0.03823645722630658,-0.30000000000000027,0.03570353178041627,0.06450053368301409,0.034554979434877856,0.08481692271669761,0.8130537923333365
1247,0.1986595455652867,-0.3,0.17525437250379897,0.0645397513620299,0.18815285160911047,0.1292325084134578,0.18259796287497115,0.07950776101844273,0.16390875288994614,0.11814157508406213,4.9186788940902e-06
1248,0.1986595455652867,-0.3,0.17525437250379897,0.0645397513620299,0.18815285160911047,0.1292325084134578,0.18259796287497115,0.07950776101844273,0.16390875288994614,0.11814157508406213,4.9186788940902e-06
1249,0.1986595455652867,-0.3,0.17525437250379897,0.0645397513620299,0.18815285160911047,0.1292325084134578,0.18259796287497115,0.07950776101844273,0.16390875288994614,0.11814157508406213,4.9186788940902e-06
1250,0.1986595455652867,-0.3,0.17525437250379897,0.0645397513620299,0.18815285160911047,0.1292325084134578,0.18259796287497115,0.07950776101844273,0.16390875288994614,0.11814157508406213,4.9186788940902e-06
1251,0.1986595455652867,-0.3,0.17525437250379897,0.0645397513620299,0.18815285160911047,0.1292325084134578,0.18259796287497115,0.07950776101844273,0.16390875288994614,0.11814157508406213,4.9186788940902e-06
1252,0.1986595455652867,-0.3,0.17525437250379897,0.0645397513620299,0.18815285160911047,0.1292325084134578,0.18259796287497115,0.07950776101844273,0.16390875288994614,0.11814157508406213,4.9186788940902e-06
1253,0.1986595455652867,-0.3,0.17525437250379897,0.0645397513620299,0.18815285160911047,0.1292325084134578,0.18259796287497115,0.07950776101844273,0.16390875288994614,0.11814157508406213,4.9186788940902e-06
1254,0.1986595455652867,-0.3,0.17525437250379897,0.0645397513620299,0.18815285160911047,0.1292325084134578,0.18259796287497115,0.07950776101844273,0.16390875288994614,0.11814157508406213,4.9186788940902e-06
1255,0.1986595455652867,-0.3,0.17525437250379897,0.0645397513620299,0.18815285160911047,0.1292325084134578,0.18259796287497115,0.07950776101844273,0.16390875288994614,0.11814157508406213,4.9186788940902e-06
1256,0.1986595455652867,-0.3,0.17525437250379897,0.0645397513620299,0.18815285160911047,0.1292325084134578,0.18259796287497115,0.07950776101844273,0.16390875288994614,0.11814157508406213,4.9186788940902e-06
1257,0.1986595455652867,-0.3,0.17525437250379897,0.0645397513620299,0.18815285160911047,0.1292325084134578,0.18259796287497115,0.07950776101844273,0.16390875288994614,0.11814157508406213,4.9186788940902e-06
1258,0.1986595455652867,-0.3,0.17525437250379897,0.0645397513620299,0.18815285160911047,0.1292325084134578,0.18259796287497115,0.07950776101844273,0.16390875288994614,0.11814157508406213,4.9186788940902e-06
1259,0.1986595455652867,-0.3,0.17525437250379897,0.0645397513620299,0.18815285160911047,0.1292325084134578,0.18259796287497115,0.07950776101844273,0.16390875288994614,0.11814157508406213,4.9186788940902e-06
1260,0.1986595455652867,-0.3,0.17525437250379897,0.0645397513620299,0.18815285160911047,0.1292325084134578,0.18259796287497115,0.07950776101844273,0.16390875288994614,0.11814157508406213,4.9186788940902e-06
1261,0.1986595455652867,-0.3,0.17525437250379897,0.0645397513620299,0.18815285160911047,0.1292325084134578,0.18259796287497115,0.07950776101844273,0.16390875288994614,0.11814157508406213,4.9186788940902e-06
1262,0.1986595455652867,-0.3,0.17525437250379897,0.0645397513620299,0.18815285160911047,0.1292325084134578,0.18259796287497115,0.07950776101844273,0.16390875288994614,0.11814157508406213,4.9186788940902e-06
1263,0.1986595455652867,-0.3,0.17525437250379897,0.0645397513620299,0.18815285160911047,0.1292325084134578,0.18259796287497115,0.07950776101844273,0.16390875288994614,0.11814157508406213,4.9186788940902e-06
1264,0.1986595455652867,-0.3,0.17525437250379897,0.0645397513620299,0.18815285160911047,0.1292325084134578,0.18259796287497115,0.07950776101844273,0.16390875288994614,0.11814157508406213,4.9186788940902e-06
1265,0.1986595455652867,-0.3,0.17525437250379897,0.0645397513620299,0.18815285160911047,0.1292325084134578,0.18259796287497115,0.07950776101844273,0.16390875288994614,0.11814157508406213,4.9186788940902e-06
1266,0.1986595455652867,-0.3,0.17525437250379897,0.0645397513620299,0.18815285160911047,0.1292325084134578,0.18259796287497115,0.07950776101844273,0.16390875288994614,0.11814157508406213,4.9186788940902e-06
1267,0.1986595455652867,-0.3,0.17525437250379897,0.0645397513620299,0.18815285160911047,0.1292325084134578,0.18259796287497115,0.07950776101844273,0.16390875288994614,0.11814157508406213,4.9186788940902e-06
1268,0.1986595455652867,-0.3,0.17525437250379897,0.0645397513620299,0.18815285160911047,0.1292325084134578,0.18259796287497115,0.07950776101844273,0.16390875288994614,0.11814157508406213,4.9186788940902e-06
1269,0.1986595455652867,-0.3,0.17525437250379897,0.0645397513620299,0.18815285160911047,0.1292325084134578,0.18259796287497115,0.07950776101844273,0.16390875288994614,0.11814157508406213,4.9186788940902e-06
1270,0.1986595455652867,-0.3,0.17525437250379897,0.0645397513620299,0.18815285160911047,0.1292325084134578,0.18259796287497115,0.07950776101844273,0.16390875288994614,0.11814157508406213,4.9186788940902e-06
1271,0.1986595455652867,-0.3,0.17525437250379897,0.0645397513620299,0.18815285160911047,0.1292325084134578,0.18259796287497115,0.07950776101844273,0.16390875288994614,0.11814157508406213,4.9186788940902e-06
1272,0.1986595455652867,-0.3,0.17525437250379897,0.0645397513620299,0.18815285160911047,0.1292325084134578,0.18259796287497115,0.07950776101844273,0.16390875288994614,0.11814157508406213,4.9186788940902e-06
1273,0.1986595455652867,-0.3,0.17525437250379897,0.0645397513620299,0.18815285160911047,0.1292325084134578,0.18259796287497115,0.07950776101844273,0.16390875288994614,0.11814157508406213,4.9186788940902e-06
1274,0.1986595455652867,-0.3,0.17525437250379897,0.0645397513620299,0.18815285160911047,0.1292325084134578,0.18259796287497115,0.07950776101844273,0.16390875288994614,0.11814157508406213,4.9186788940902e-06
1275,0.1986595455652867,-0.3,0.17525437250379897,0.0645397513620299,0.18815285160911047,0.1292325084134578,0.18259796287497115,0.07950776101844273,0.16390875288994614,0.11814157508406213,4.9186788940902e-06
1276,0.1986595455652867,-0.3,0.17525437250379897,0.0645397513620299,0.18815285160911047,0.1292325084134578,0.18259796287497115,0.07950776101844273,0.16390875288994614,0.11814157508406213,4.9186788940902e-06
1277,0.17697913650220146,0.06998107965215777,0.15621356449785695,0.03679395292181759,0.06087150084739333,0.33637515155537934,0.09971619726403738,0.0675048931366383,0.13500438813015037,-0.30000000000000004,0.16056013549236742
1278,0.17697913650220146,0.06998107965215777,0.15621356449785695,0.03679395292181759,0.06087150084739333,0.33637515155537934,0.09971619726403738,0.0675048931366383,0.13500438813015037,-0.30000000000000004,0.16056013549236742
1279,0.17697913650220146,0.06998107965215777,0.15621356449785695,0.03679395292181759,0.06087150084739333,0.33637515155537934,0.09971619726403738,0.0675048931366383,0.13500438813015037,-0.30000000000000004,0.16056013549236742
1280,0.17697913650220146,0.06998107965215777,0.15621356449785695,0.03679395292181759,0.06087150084739333,0.33637515155537934,0.09971619726403738,0.0675048931366383,0.13500438813015037,-0.30000000000000004,0.16056013549236742
1281,0.17697913650220146,0.06998107965215777,0.15621356449785695,0.03679395292181759,0.06087150084739333,0.33637515155537934,0.09971619726403738,0.0675048931366383,0.13500438813015037,-0.30000000000000004,0.16056013549236742
1282,0.17697913650220146,0.06998107965215777,0.15621356449785695,0.03679395292181759,0.06087150084739333,0.33637515155537934,0.09971619726403738,0.0675048931366383,0.13500438813015037,-0.30000000000000004,0.16056013549236742
1283,0.17697913650220146,0.06998107965215777,0.15621356449785695,0.03679395292181759,0.06087150084739333,0.33637515155537934,0.09971619726403738,0.0675048931366383,0.13500438813015037,-0.30000000000000004,0.16056013549236742
1284,0.17697913650220146,0.06998107965215777,0.15621356449785695,0.03679395292181759,0.06087150084739333,0.33637515155537934,0.09971619726403738,0.0675048931366383,0.13500438813015037,-0.30000000000000004,0.16056013549236742
1285,0.17697913650220146,0.06998107965215777,0.15621356449785695,0.03679395292181759,0.06087150084739333,0.33637515155537934,0.09971619726403738,0.0675048931366383,0.13500438813015037,-0.30000000000000004,0.16056013549236742
1286,0.17697913650220146,0.06998107965215777,0.15621356449785695,0.03679395292181759,0.06087150084739333,0.33637515155537934,0.09971619726403738,0.0675048931366383,0.13500438813015037,-0.30000000000000004,0.16056013549236742
1287,0.17697913650220146,0.06998107965215777,0.15621356449785695,0.03679395292181759,0.06087150084739333,0.33637515155537934,0.09971619726403738,0.0675048931366383,0.13500438813015037,-0.30000000000000004,0.16056013549236742
1288,0.17697913650220146,0.06998107965215777,0.15621356449785695,0.03679395292181759,0.06087150084739333,0.33637515155537934,0.09971619726403738,0.0675048931366383,0.13500438813015037,-0.30000000000000004,0.16056013549236742
1289,0.17697913650220146,0.06998107965215777,0.15621356449785695,0.03679395292181759,0.06087150084739333,0.33637515155537934,0.09971619726403738,0.0675048931366383,0.13500438813015037,-0.30000000000000004,0.16056013549236742
1290,0.17697913650220146,0.06998107965215777,0.15621356449785695,0.03679395292181759,0.06087150084739333,0.33637515155537934,0.09971619726403738,0.0675048931366383,0.13500438813015037,-0.30000000000000004,0.16056013549236742
1291,0.17697913650220146,0.06998107965215777,0.15621356449785695,0.03679395292181759,0.06087150084739333,0.33637515155537934,0.09971619726403738,0.0675048931366383,0.13500438813015037,-0.30000000000000004,0.16056013549236742
1292,0.17697913650220146,0.06998107965215777,0.15621356449785695,0.03679395292181759,0.06087150084739333,0.33637515155537934,0.09971619726403738,0.0675048931366383,0.13500438813015037,-0.30000000000000004,0.16056013549236742
1293,0.17697913650220146,0.06998107965215777,0.15621356449785695,0.03679395292181759,0.06087150084739333,0.33637515155537934,0.09971619726403738,0.0675048931366383,0.13500438813015037,-0.30000000000000004,0.16056013549236742
1294,0.17697913650220146,0.06998107965215777,0.15621356449785695,0.03679395292181759,0.06087150084739333,0.33637515155537934,0.09971619726403738,0.0675048931366383,0.13500438813015037,-0.30000000000000004,0.16056013549236742
1295,0.17697913650220146,0.06998107965215777,0.15621356449785695,0.03679395292181759,0.06087150084739333,0.33637515155537934,0.09971619726403738,0.0675048931366383,0.13500438813015037,-0.30000000000000004,0.16056013549236742
1296,0.17697913650220146,0.06998107965215777,0.15621356449785695,0.03679395292181759,0.06087150084739333,0.33637515155537934,0.09971619726403738,0.0675048931366383,0.13500438813015037,-0.30000000000000004,0.16056013549236742
1297,0.17697913650220146,0.06998107965215777,0.15621356449785695,0.03679395292181759,0.06087150084739333,0.33637515155537934,0.09971619726403738,0.0675048931366383,0.13500438813015037,-0.30000000000000004,0.16056013549236742
1298,0.17697913650220146,0.06998107965215777,0.15621356449785695,0.03679395292181759,0.06087150084739333,0.33637515155537934,0.09971619726403738,0.0675048931366383,0.13500438813015037,-0.30000000000000004,0.16056013549236742
1299,0.17697913650220146,0.06998107965215777,0.15621356449785695,0.03679395292181759,0.06087150084739333,0.33637515155537934,0.09971619726403738,0.0675048931366383,0.13500438813015037,-0.30000000000000004,0.16056013549236742
1300,0.17697913650220146,0.06998107965215777,0.15621356449785695,0.03679395292181759,0.06087150084739333,0.33637515155537934,0.09971619726403738,0.0675048931366383,0.13500438813015037,-0.30000000000000004,0.16056013549236742
1301,0.17697913650220146,0.06998107965215777,0.15621356449785695,0.03679395292181759,0.06087150084739333,0.33637515155537934,0.09971619726403738,0.0675048931366383,0.13500438813015037,-0.30000000000000004,0.16056013549236742
1302,0.17697913650220146,0.06998107965215777,0.15621356449785695,0.03679395292181759,0.06087150084739333,0.33637515155537934,0.09971619726403738,0.0675048931366383,0.13500438813015037,-0.30000000000000004,0.16056013549236742
1303,0.17697913650220146,0.06998107965215777,0.15621356449785695,0.03679395292181759,0.06087150084739333,0.33637515155537934,0.09971619726403738,0.0675048931366383,0.13500438813015037,-0.30000000000000004,0.16056013549236742
1304,0.17697913650220146,0.06998107965215777,0.15621356449785695,0.03679395292181759,0.06087150084739333,0.33637515155537934,0.09971619726403738,0.0675048931366383,0.13500438813015037,-0.30000000000000004,0.16056013549236742
1305,0.17697913650220146,0.06998107965215777,0.15621356449785695,0.03679395292181759,0.06087150084739333,0.33637515155537934,0.09971619726403738,0.0675048931366383,0.13500438813015037,-0.30000000000000004,0.16056013549236742
1306,0.17697913650220146,0.06998107965215777,0.15621356449785695,0.03679395292181759,0.06087150084739333,0.33637515155537934,0.09971619726403738,0.0675048931366383,0.13500438813015037,-0.30000000000000004,0.16056013549236742
1307,0.17697913650220146,0.06998107965215777,0.15621356449785695,0.03679395292181759,0.06087150084739333,0.33637515155537934,0.09971619726403738,0.0675048931366383,0.13500438813015037,-0.30000000000000004,0.16056013549236742
1308,0.00972245903492957,0.0111849235674646,0.039885804291328104,-0.012244586883699693,-0.019337152204790004,0.05084919029395459,-0.07997274203070091,0.007231314336113691,0.7445966153054515,0.03267158713527708,0.21541258715467151
1309,0.00972245903492957,0.0111849235674646,0.039885804291328104,-0.012244586883699693,-0.019337152204790004,0.05084919029395459,-0.07997274203070091,0.007231314336113691,0.7445966153054515,0.03267158713527708,0.21541258715467151
1310,0.00972245903492957,0.0111849235674646,0.039885804291328104,-0.012244586883699693,-0.019337152204790004,0.05084919029395459,-0.07997274203070091,0.007231314336113691,0.7445966153054515,0.03267158713527708,0.21541258715467151
1311,0.00972245903492957,0.0111849235674646,0.039885804291328104,-0.012244586883699693,-0.019337152204790004,0.05084919029395459,-0.07997274203070091,0.007231314336113691,0.7445966153054515,0.03267158713527708,0.21541258715467151
1312,0.00972245903492957,0.0111849235674646,0.039885804291328104,-0.012244586883699693,-0.019337152204790004,0.05084919029395459,-0.07997274203070091,0.007231314336113691,0.7445966153054515,0.03267158713527708,0.21541258715467151
1313,0.00972245903492957,0.0111849235674646,0.039885804291328104,-0.012244586883699693,-0.019337152204790004,0.05084919029395459,-0.07997274203070091,0.007231314336113691,0.7445966153054515,0.03267158713527708,0.21541258715467151
1314,0.00972245903492957,0.0111849235674646,0.039885804291328104,-0.012244586883699693,-0.019337152204790004,0.05084919029395459,-0.07997274203070091,0.007231314336113691,0.7445966153054515,0.03267158713527708,0.21541258715467151
1315,0.00972245903492957,0.0111849235674646,0.039885804291328104,-0.012244586883699693,-0.019337152204790004,0.05084919029395459,-0.07997274203070091,0.007231314336113691,0.7445966153054515,0.03267158713527708,0.21541258715467151
1316,0.00972245903492957,0.0111849235674646,0.039885804291328104,-0.012244586883699693,-0.019337152204790004,0.05084919029395459,-0.07997274203070091,0.007231314336113691,0.7445966153054515,0.03267158713527708,0.21541258715467151
1317,0.00972245903492957,0.0111849235674646,0.039885804291328104,-0.012244586883699693,-0.019337152204790004,0.05084919029395459,-0.07997274203070091,0.007231314336113691,0.7445966153054515,0.03267158713527708,0.21541258715467151
1318,0.00972245903492957,0.0111849235674646,0.039885804291328104,-0.012244586883699693,-0.019337152204790004,0.05084919029395459,-0.07997274203070091,0.007231314336113691,0.7445966153054515,0.03267158713527708,0.21541258715467151
1319,0.00972245903492957,0.0111849235674646,0.039885804291328104,-0.012244586883699693,-0.019337152204790004,0.05084919029395459,-0.07997274203070091,0.007231314336113691,0.7445966153054515,0.03267158713527708,0.21541258715467151
1320,0.00972245903492957,0.0111849235674646,0.039885804291328104,-0.012244586883699693,-0.019337152204790004,0.05084919029395459,-0.07997274203070091,0.007231314336113691,0.7445966153054515,0.03267158713527708,0.21541258715467151
1321,0.00972245903492957,0.0111849235674646,0.039885804291328104,-0.012244586883699693,-0.019337152204790004,0.05084919029395459,-0.07997274203070091,0.007231314336113691,0.7445966153054515,0.03267158713527708,0.21541258715467151
1322,0.00972245903492957,0.0111849235674646,0.039885804291328104,-0.012244586883699693,-0.019337152204790004,0.05084919029395459,-0.07997274203070091,0.007231314336113691,0.7445966153054515,0.03267158713527708,0.21541258715467151
1323,0.00972245903492957,0.0111849235674646,0.039885804291328104,-0.012244586883699693,-0.019337152204790004,0.05084919029395459,-0.07997274203070091,0.007231314336113691,0.7445966153054515,0.03267158713527708,0.21541258715467151
1324,0.00972245903492957,0.0111849235674646,0.039885804291328104,-0.012244586883699693,-0.019337152204790004,0.05084919029395459,-0.07997274203070091,0.007231314336113691,0.7445966153054515,0.03267158713527708,0.21541258715467151
1325,0.00972245903492957,0.0111849235674646,0.039885804291328104,-0.012244586883699693,-0.019337152204790004,0.05084919029395459,-0.07997274203070091,0.007231314336113691,0.7445966153054515,0.03267158713527708,0.21541258715467151
1326,0.00972245903492957,0.0111849235674646,0.039885804291328104,-0.012244586883699693,-0.019337152204790004,0.05084919029395459,-0.07997274203070091,0.007231314336113691,0.7445966153054515,0.03267158713527708,0.21541258715467151
1327,0.00972245903492957,0.0111849235674646,0.039885804291328104,-0.012244586883699693,-0.019337152204790004,0.05084919029395459,-0.07997274203070091,0.007231314336113691,0.7445966153054515,0.03267158713527708,0.21541258715467151
1328,0.00972245903492957,0.0111849235674646,0.039885804291328104,-0.012244586883699693,-0.019337152204790004,0.05084919029395459,-0.07997274203070091,0.007231314336113691,0.7445966153054515,0.03267158713527708,0.21541258715467151
1329,0.00972245903492957,0.0111849235674646,0.039885804291328104,-0.012244586883699693,-0.019337152204790004,0.05084919029395459,-0.07997274203070091,0.007231314336113691,0.7445966153054515,0.03267158713527708,0.21541258715467151
1330,0.00972245903492957,0.0111849235674646,0.039885804291328104,-0.012244586883699693,-0.019337152204790004,0.05084919029395459,-0.07997274203070091,0.007231314336113691,0.7445966153054515,0.03267158713527708,0.21541258715467151
1331,0.00972245903492957,0.0111849235674646,0.039885804291328104,-0.012244586883699693,-0.019337152204790004,0.05084919029395459,-0.07997274203070091,0.007231314336113691,0.7445966153054515,0.03267158713527708,0.21541258715467151
1332,0.00972245903492957,0.0111849235674646,0.039885804291328104,-0.012244586883699693,-0.019337152204790004,0.05084919029395459,-0.07997274203070091,0.007231314336113691,0.7445966153054515,0.03267158713527708,0.21541258715467151
1333,0.00972245903492957,0.0111849235674646,0.039885804291328104,-0.012244586883699693,-0.019337152204790004,0.05084919029395459,-0.07997274203070091,0.007231314336113691,0.7445966153054515,0.03267158713527708,0.21541258715467151
1334,0.00972245903492957,0.0111849235674646,0.039885804291328104,-0.012244586883699693,-0.019337152204790004,0.05084919029395459,-0.07997274203070091,0.007231314336113691,0.7445966153054515,0.03267158713527708,0.21541258715467151
1335,0.00972245903492957,0.0111849235674646,0.039885804291328104,-0.012244586883699693,-0.019337152204790004,0.05084919029395459,-0.07997274203070091,0.007231314336113691,0.7445966153054515,0.03267158713527708,0.21541258715467151
1336,0.00972245903492957,0.0111849235674646,0.039885804291328104,-0.012244586883699693,-0.019337152204790004,0.05084919029395459,-0.07997274203070091,0.007231314336113691,0.7445966153054515,0.03267158713527708,0.21541258715467151
1337,0.00972245903492957,0.0111849235674646,0.039885804291328104,-0.012244586883699693,-0.019337152204790004,0.05084919029395459,-0.07997274203070091,0.007231314336113691,0.7445966153054515,0.03267158713527708,0.21541258715467151
1338,0.00972245903492957,0.0111849235674646,0.039885804291328104,-0.012244586883699693,-0.019337152204790004,0.05084919029395459,-0.07997274203070091,0.007231314336113691,0.7445966153054515,0.03267158713527708,0.21541258715467151
1339,0.20761759611638034,0.09939178932479592,0.06093839473712101,0.03856267292325246,0.06621235630613465,0.23566542720546288,0.059963739207417356,0.08951187873631998,0.045529442553774516,0.04541944785672844,0.051187255032612476
1340,0.20761759611638034,0.09939178932479592,0.06093839473712101,0.03856267292325246,0.06621235630613465,0.23566542720546288,0.059963739207417356,0.08951187873631998,0.045529442553774516,0.04541944785672844,0.051187255032612476
1341,0.20761759611638034,0.09939178932479592,0.06093839473712101,0.03856267292325246,0.06621235630613465,0.23566542720546288,0.059963739207417356,0.08951187873631998,0.045529442553774516,0.04541944785672844,0.051187255032612476
1342,0.20761759611638034,0.09939178932479592,0.06093839473712101,0.03856267292325246,0.06621235630613465,0.23566542720546288,0.059963739207417356,0.08951187873631998,0.045529442553774516,0.04541944785672844,0.051187255032612476
1343,0.20761759611638034,0.09939178932479592,0.06093839473712101,0.03856267292325246,0.06621235630613465,0.23566542720546288,0.059963739207417356,0.08951187873631998,0.045529442553774516,0.04541944785672844,0.051187255032612476
1344,0.20761759611638034,0.09939178932479592,0.06093839473712101,0.03856267292325246,0.06621235630613465,0.23566542720546288,0.059963739207417356,0.08951187873631998,0.045529442553774516,0.04541944785672844,0.051187255032612476
1345,0.20761759611638034,0.09939178932479592,0.06093839473712101,0.03856267292325246,0.06621235630613465,0.23566542720546288,0.059963739207417356,0.08951187873631998,0.045529442553774516,0.04541944785672844,0.051187255032612476
1346,0.20761759611638034,0.09939178932479592,0.06093839473712101,0.03856267292325246,0.06621235630613465,0.23566542720546288,0.059963739207417356,0.08951187873631998,0.045529442553774516,0.04541944785672844,0.051187255032612476
1347,0.20761759611638034,0.09939178932479592,0.06093839473712101,0.03856267292325246,0.06621235630613465,0.23566542720546288,0.059963739207417356,0.08951187873631998,0.045529442553774516,0.04541944785672844,0.051187255032612476
1348,0.20761759611638034,0.09939178932479592,0.06093839473712101,0.03856267292325246,0.06621235630613465,0.23566542720546288,0.059963739207417356,0.08951187873631998,0.045529442553774516,0.04541944785672844,0.051187255032612476
1349,0.20761759611638034,0.09939178932479592,0.06093839473712101,0.03856267292325246,0.06621235630613465,0.23566542720546288,0.059963739207417356,0.08951187873631998,0.045529442553774516,0.04541944785672844,0.051187255032612476
1350,0.20761759611638034,0.09939178932479592,0.06093839473712101,0.03856267292325246,0.06621235630613465,0.23566542720546288,0.059963739207417356,0.08951187873631998,0.045529442553774516,0.04541944785672844,0.051187255032612476
1351,0.20761759611638034,0.09939178932479592,0.06093839473712101,0.03856267292325246,0.06621235630613465,0.23566542720546288,0.059963739207417356,0.08951187873631998,0.045529442553774516,0.04541944785672844,0.051187255032612476
1352,0.20761759611638034,0.09939178932479592,0.06093839473712101,0.03856267292325246,0.06621235630613465,0.23566542720546288,0.059963739207417356,0.08951187873631998,0.045529442553774516,0.04541944785672844,0.051187255032612476
1353,0.20761759611638034,0.09939178932479592,0.06093839473712101,0.03856267292325246,0.06621235630613465,0.23566542720546288,0.059963739207417356,0.08951187873631998,0.045529442553774516,0.04541944785672844,0.051187255032612476
1354,0.20761759611638034,0.09939178932479592,0.06093839473712101,0.03856267292325246,0.06621235630613465,0.23566542720546288,0.059963739207417356,0.08951187873631998,0.045529442553774516,0.04541944785672844,0.051187255032612476
1355,0.20761759611638034,0.09939178932479592,0.06093839473712101,0.03856267292325246,0.06621235630613465,0.23566542720546288,0.059963739207417356,0.08951187873631998,0.045529442553774516,0.04541944785672844,0.051187255032612476
1356,0.20761759611638034,0.09939178932479592,0.06093839473712101,0.03856267292325246,0.06621235630613465,0.23566542720546288,0.059963739207417356,0.08951187873631998,0.045529442553774516,0.04541944785672844,0.051187255032612476
1357,0.20761759611638034,0.09939178932479592,0.06093839473712101,0.03856267292325246,0.06621235630613465,0.23566542720546288,0.059963739207417356,0.08951187873631998,0.045529442553774516,0.04541944785672844,0.051187255032612476
1358,0.20761759611638034,0.09939178932479592,0.06093839473712101,0.03856267292325246,0.06621235630613465,0.23566542720546288,0.059963739207417356,0.08951187873631998,0.045529442553774516,0.04541944785672844,0.051187255032612476
1359,0.20761759611638034,0.09939178932479592,0.06093839473712101,0.03856267292325246,0.06621235630613465,0.23566542720546288,0.059963739207417356,0.08951187873631998,0.045529442553774516,0.04541944785672844,0.051187255032612476
1360,0.20761759611638034,0.09939178932479592,0.06093839473712101,0.03856267292325246,0.06621235630613465,0.23566542720546288,0.059963739207417356,0.08951187873631998,0.045529442553774516,0.04541944785672844,0.051187255032612476
1361,0.20761759611638034,0.09939178932479592,0.06093839473712101,0.03856267292325246,0.06621235630613465,0.23566542720546288,0.059963739207417356,0.08951187873631998,0.045529442553774516,0.04541944785672844,0.051187255032612476
1362,0.20761759611638034,0.09939178932479592,0.06093839473712101,0.03856267292325246,0.06621235630613465,0.23566542720546288,0.059963739207417356,0.08951187873631998,0.045529442553774516,0.04541944785672844,0.051187255032612476
1363,0.20761759611638034,0.09939178932479592,0.06093839473712101,0.03856267292325246,0.06621235630613465,0.23566542720546288,0.059963739207417356,0.08951187873631998,0.045529442553774516,0.04541944785672844,0.051187255032612476
1364,0.20761759611638034,0.09939178932479592,0.06093839473712101,0.03856267292325246,0.06621235630613465,0.23566542720546288,0.059963739207417356,0.08951187873631998,0.045529442553774516,0.04541944785672844,0.051187255032612476
1365,0.20761759611638034,0.09939178932479592,0.06093839473712101,0.03856267292325246,0.06621235630613465,0.23566542720546288,0.059963739207417356,0.08951187873631998,0.045529442553774516,0.04541944785672844,0.051187255032612476
1366,0.20761759611638034,0.09939178932479592,0.06093839473712101,0.03856267292325246,0.06621235630613465,0.23566542720546288,0.059963739207417356,0.08951187873631998,0.045529442553774516,0.04541944785672844,0.051187255032612476
1367,0.20761759611638034,0.09939178932479592,0.06093839473712101,0.03856267292325246,0.06621235630613465,0.23566542720546288,0.059963739207417356,0.08951187873631998,0.045529442553774516,0.04541944785672844,0.051187255032612476
1368,0.20761759611638034,0.09939178932479592,0.06093839473712101,0.03856267292325246,0.06621235630613465,0.23566542720546288,0.059963739207417356,0.08951187873631998,0.045529442553774516,0.04541944785672844,0.051187255032612476
1369,0.21437172219969677,0.037250084701629806,0.14354345507777994,0.028695469176308844,0.026806613511592775,0.048312494961792275,0.04927181759412626,0.06301463480885898,0.06343285015832688,0.09122862781114596,0.23407222999874147
1370,0.21437172219969677,0.037250084701629806,0.14354345507777994,0.028695469176308844,0.026806613511592775,0.048312494961792275,0.04927181759412626,0.06301463480885898,0.06343285015832688,0.09122862781114596,0.23407222999874147
1371,0.21437172219969677,0.037250084701629806,0.14354345507777994,0.028695469176308844,0.026806613511592775,0.048312494961792275,0.04927181759412626,0.06301463480885898,0.06343285015832688,0.09122862781114596,0.23407222999874147
1372,0.21437172219969677,0.037250084701629806,0.14354345507777994,0.028695469176308844,0.026806613511592775,0.048312494961792275,0.04927181759412626,0.06301463480885898,0.06343285015832688,0.09122862781114596,0.23407222999874147
1373,0.21437172219969677,0.037250084701629806,0.14354345507777994,0.028695469176308844,0.026806613511592775,0.048312494961792275,0.04927181759412626,0.06301463480885898,0.06343285015832688,0.09122862781114596,0.23407222999874147
1374,0.21437172219969677,0.037250084701629806,0.14354345507777994,0.028695469176308844,0.026806613511592775,0.048312494961792275,0.04927181759412626,0.06301463480885898,0.06343285015832688,0.09122862781114596,0.23407222999874147
1375,0.21437172219969677,0.037250084701629806,0.14354345507777994,0.028695469176308844,0.026806613511592775,0.048312494961792275,0.04927181759412626,0.06301463480885898,0.06343285015832688,0.09122862781114596,0.23407222999874147
1376,0.21437172219969677,0.037250084701629806,0.14354345507777994,0.028695469176308844,0.026806613511592775,0.048312494961792275,0.04927181759412626,0.06301463480885898,0.06343285015832688,0.09122862781114596,0.23407222999874147
1377,0.21437172219969677,0.037250084701629806,0.14354345507777994,0.028695469176308844,0.026806613511592775,0.048312494961792275,0.04927181759412626,0.06301463480885898,0.06343285015832688,0.09122862781114596,0.23407222999874147
1378,0.21437172219969677,0.037250084701629806,0.14354345507777994,0.028695469176308844,0.026806613511592775,0.048312494961792275,0.04927181759412626,0.06301463480885898,0.06343285015832688,0.09122862781114596,0.23407222999874147
1379,0.21437172219969677,0.037250084701629806,0.14354345507777994,0.028695469176308844,0.026806613511592775,0.048312494961792275,0.04927181759412626,0.06301463480885898,0.06343285015832688,0.09122862781114596,0.23407222999874147
1380,0.21437172219969677,0.037250084701629806,0.14354345507777994,0.028695469176308844,0.026806613511592775,0.048312494961792275,0.04927181759412626,0.06301463480885898,0.06343285015832688,0.09122862781114596,0.23407222999874147
1381,0.21437172219969677,0.037250084701629806,0.14354345507777994,0.028695469176308844,0.026806613511592775,0.048312494961792275,0.04927181759412626,0.06301463480885898,0.06343285015832688,0.09122862781114596,0.23407222999874147
1382,0.21437172219969677,0.037250084701629806,0.14354345507777994,0.028695469176308844,0.026806613511592775,0.048312494961792275,0.04927181759412626,0.06301463480885898,0.06343285015832688,0.09122862781114596,0.23407222999874147
1383,0.21437172219969677,0.037250084701629806,0.14354345507777994,0.028695469176308844,0.026806613511592775,0.048312494961792275,0.04927181759412626,0.06301463480885898,0.06343285015832688,0.09122862781114596,0.23407222999874147
1384,0.21437172219969677,0.037250084701629806,0.14354345507777994,0.028695469176308844,0.026806613511592775,0.048312494961792275,0.04927181759412626,0.06301463480885898,0.06343285015832688,0.09122862781114596,0.23407222999874147
1385,0.21437172219969677,0.037250084701629806,0.14354345507777994,0.028695469176308844,0.026806613511592775,0.048312494961792275,0.04927181759412626,0.06301463480885898,0.06343285015832688,0.09122862781114596,0.23407222999874147
1386,0.21437172219969677,0.037250084701629806,0.14354345507777994,0.028695469176308844,0.026806613511592775,0.048312494961792275,0.04927181759412626,0.06301463480885898,0.06343285015832688,0.09122862781114596,0.23407222999874147
1387,0.21437172219969677,0.037250084701629806,0.14354345507777994,0.028695469176308844,0.026806613511592775,0.048312494961792275,0.04927181759412626,0.06301463480885898,0.06343285015832688,0.09122862781114596,0.23407222999874147
1388,0.21437172219969677,0.037250084701629806,0.14354345507777994,0.028695469176308844,0.026806613511592775,0.048312494961792275,0.04927181759412626,0.06301463480885898,0.06343285015832688,0.09122862781114596,0.23407222999874147
1389,0.21437172219969677,0.037250084701629806,0.14354345507777994,0.028695469176308844,0.026806613511592775,0.048312494961792275,0.04927181759412626,0.06301463480885898,0.06343285015832688,0.09122862781114596,0.23407222999874147
1390,0.21437172219969677,0.037250084701629806,0.14354345507777994,0.028695469176308844,0.026806613511592775,0.048312494961792275,0.04927181759412626,0.06301463480885898,0.06343285015832688,0.09122862781114596,0.23407222999874147
1391,0.21437172219969677,0.037250084701629806,0.14354345507777994,0.028695469176308844,0.026806613511592775,0.048312494961792275,0.04927181759412626,0.06301463480885898,0.06343285015832688,0.09122862781114596,0.23407222999874147
1392,0.21437172219969677,0.037250084701629806,0.14354345507777994,0.028695469176308844,0.026806613511592775,0.048312494961792275,0.04927181759412626,0.06301463480885898,0.06343285015832688,0.09122862781114596,0.23407222999874147
1393,0.21437172219969677,0.037250084701629806,0.14354345507777994,0.028695469176308844,0.026806613511592775,0.048312494961792275,0.04927181759412626,0.06301463480885898,0.06343285015832688,0.09122862781114596,0.23407222999874147
1394,0.21437172219969677,0.037250084701629806,0.14354345507777994,0.028695469176308844,0.026806613511592775,0.048312494961792275,0.04927181759412626,0.06301463480885898,0.06343285015832688,0.09122862781114596,0.23407222999874147
1395,0.21437172219969677,0.037250084701629806,0.14354345507777994,0.028695469176308844,0.026806613511592775,0.048312494961792275,0.04927181759412626,0.06301463480885898,0.06343285015832688,0.09122862781114596,0.23407222999874147
1396,0.21437172219969677,0.037250084701629806,0.14354345507777994,0.028695469176308844,0.026806613511592775,0.048312494961792275,0.04927181759412626,0.06301463480885898,0.06343285015832688,0.09122862781114596,0.23407222999874147
1397,0.21437172219969677,0.037250084701629806,0.14354345507777994,0.028695469176308844,0.026806613511592775,0.048312494961792275,0.04927181759412626,0.06301463480885898,0.06343285015832688,0.09122862781114596,0.23407222999874147
1398,0.21437172219969677,0.037250084701629806,0.14354345507777994,0.028695469176308844,0.026806613511592775,0.048312494961792275,0.04927181759412626,0.06301463480885898,0.06343285015832688,0.09122862781114596,0.23407222999874147
1399,0.21437172219969677,0.037250084701629806,0.14354345507777994,0.028695469176308844,0.026806613511592775,0.048312494961792275,0.04927181759412626,0.06301463480885898,0.06343285015832688,0.09122862781114596,0.23407222999874147
1400,1.1063670154231904,-0.01717354455324926,-0.012269586469789104,0.004555548934708953,0.022222173103868037,-0.01183756962268724,0.02359315452393376,-0.21776795598493356,0.03513807686123562,0.07442399078262982,-0.007251302998907496
1401,1.1063670154231904,-0.01717354455324926,-0.012269586469789104,0.004555548934708953,0.022222173103868037,-0.01183756962268724,0.02359315452393376,-0.21776795598493356,0.03513807686123562,0.07442399078262982,-0.007251302998907496
1402,1.1063670154231904,-0.01717354455324926,-0.012269586469789104,0.004555548934708953,0.022222173103868037,-0.01183756962268724,0.02359315452393376,-0.21776795598493356,0.03513807686123562,0.07442399078262982,-0.007251302998907496
1403,1.1063670154231904,-0.01717354455324926,-0.012269586469789104,0.004555548934708953,0.022222173103868037,-0.01183756962268724,0.02359315452393376,-0.21776795598493356,0.03513807686123562,0.07442399078262982,-0.007251302998907496
1404,1.1063670154231904,-0.01717354455324926,-0.012269586469789104,0.004555548934708953,0.022222173103868037,-0.01183756962268724,0.02359315452393376,-0.21776795598493356,0.03513807686123562,0.07442399078262982,-0.007251302998907496
1405,1.1063670154231904,-0.01717354455324926,-0.012269586469789104,0.004555548934708953,0.022222173103868037,-0.01183756962268724,0.02359315452393376,-0.21776795598493356,0.03513807686123562,0.07442399078262982,-0.007251302998907496
1406,1.1063670154231904,-0.01717354455324926,-0.012269586469789104,0.004555548934708953,0.022222173103868037,-0.01183756962268724,0.02359315452393376,-0.21776795598493356,0.03513807686123562,0.07442399078262982,-0.007251302998907496
1407,1.1063670154231904,-0.01717354455324926,-0.012269586469789104,0.004555548934708953,0.022222173103868037,-0.01183756962268724,0.02359315452393376,-0.21776795598493356,0.03513807686123562,0.07442399078262982,-0.007251302998907496
1408,1.1063670154231904,-0.01717354455324926,-0.012269586469789104,0.004555548934708953,0.022222173103868037,-0.01183756962268724,0.02359315452393376,-0.21776795598493356,0.03513807686123562,0.07442399078262982,-0.007251302998907496
1409,1.1063670154231904,-0.01717354455324926,-0.012269586469789104,0.004555548934708953,0.022222173103868037,-0.01183756962268724,0.02359315452393376,-0.21776795598493356,0.03513807686123562,0.07442399078262982,-0.007251302998907496
1410,1.1063670154231904,-0.01717354455324926,-0.012269586469789104,0.004555548934708953,0.022222173103868037,-0.01183756962268724,0.02359315452393376,-0.21776795598493356,0.03513807686123562,0.07442399078262982,-0.007251302998907496
1411,1.1063670154231904,-0.01717354455324926,-0.012269586469789104,0.004555548934708953,0.022222173103868037,-0.01183756962268724,0.02359315452393376,-0.21776795598493356,0.03513807686123562,0.07442399078262982,-0.007251302998907496
1412,1.1063670154231904,-0.01717354455324926,-0.012269586469789104,0.004555548934708953,0.022222173103868037,-0.01183756962268724,0.02359315452393376,-0.21776795598493356,0.03513807686123562,0.07442399078262982,-0.007251302998907496
1413,1.1063670154231904,-0.01717354455324926,-0.012269586469789104,0.004555548934708953,0.022222173103868037,-0.01183756962268724,0.02359315452393376,-0.21776795598493356,0.03513807686123562,0.07442399078262982,-0.007251302998907496
1414,1.1063670154231904,-0.01717354455324926,-0.012269586469789104,0.004555548934708953,0.022222173103868037,-0.01183756962268724,0.02359315452393376,-0.21776795598493356,0.03513807686123562,0.07442399078262982,-0.007251302998907496
1415,1.1063670154231904,-0.01717354455324926,-0.012269586469789104,0.004555548934708953,0.022222173103868037,-0.01183756962268724,0.02359315452393376,-0.21776795598493356,0.03513807686123562,0.07442399078262982,-0.007251302998907496
1416,1.1063670154231904,-0.01717354455324926,-0.012269586469789104,0.004555548934708953,0.022222173103868037,-0.01183756962268724,0.02359315452393376,-0.21776795598493356,0.03513807686123562,0.07442399078262982,-0.007251302998907496
1417,1.1063670154231904,-0.01717354455324926,-0.012269586469789104,0.004555548934708953,0.022222173103868037,-0.01183756962268724,0.02359315452393376,-0.21776795598493356,0.03513807686123562,0.07442399078262982,-0.007251302998907496
1418,1.1063670154231904,-0.01717354455324926,-0.012269586469789104,0.004555548934708953,0.022222173103868037,-0.01183756962268724,0.02359315452393376,-0.21776795598493356,0.03513807686123562,0.07442399078262982,-0.007251302998907496
1419,1.1063670154231904,-0.01717354455324926,-0.012269586469789104,0.004555548934708953,0.022222173103868037,-0.01183756962268724,0.02359315452393376,-0.21776795598493356,0.03513807686123562,0.07442399078262982,-0.007251302998907496
1420,1.1063670154231904,-0.01717354455324926,-0.012269586469789104,0.004555548934708953,0.022222173103868037,-0.01183756962268724,0.02359315452393376,-0.21776795598493356,0.03513807686123562,0.07442399078262982,-0.007251302998907496
1421,1.1063670154231904,-0.01717354455324926,-0.012269586469789104,0.004555548934708953,0.022222173103868037,-0.01183756962268724,0.02359315452393376,-0.21776795598493356,0.03513807686123562,0.07442399078262982,-0.007251302998907496
1422,1.1063670154231904,-0.01717354455324926,-0.012269586469789104,0.004555548934708953,0.022222173103868037,-0.01183756962268724,0.02359315452393376,-0.21776795598493356,0.03513807686123562,0.07442399078262982,-0.007251302998907496
1423,1.1063670154231904,-0.01717354455324926,-0.012269586469789104,0.004555548934708953,0.022222173103868037,-0.01183756962268724,0.02359315452393376,-0.21776795598493356,0.03513807686123562,0.07442399078262982,-0.007251302998907496
1424,1.1063670154231904,-0.01717354455324926,-0.012269586469789104,0.004555548934708953,0.022222173103868037,-0.01183756962268724,0.02359315452393376,-0.21776795598493356,0.03513807686123562,0.07442399078262982,-0.007251302998907496
1425,1.1063670154231904,-0.01717354455324926,-0.012269586469789104,0.004555548934708953,0.022222173103868037,-0.01183756962268724,0.02359315452393376,-0.21776795598493356,0.03513807686123562,0.07442399078262982,-0.007251302998907496
1426,1.1063670154231904,-0.01717354455324926,-0.012269586469789104,0.004555548934708953,0.022222173103868037,-0.01183756962268724,0.02359315452393376,-0.21776795598493356,0.03513807686123562,0.07442399078262982,-0.007251302998907496
1427,1.1063670154231904,-0.01717354455324926,-0.012269586469789104,0.004555548934708953,0.022222173103868037,-0.01183756962268724,0.02359315452393376,-0.21776795598493356,0.03513807686123562,0.07442399078262982,-0.007251302998907496
1428,1.1063670154231904,-0.01717354455324926,-0.012269586469789104,0.004555548934708953,0.022222173103868037,-0.01183756962268724,0.02359315452393376,-0.21776795598493356,0.03513807686123562,0.07442399078262982,-0.007251302998907496
1429,1.1063670154231904,-0.01717354455324926,-0.012269586469789104,0.004555548934708953,0.022222173103868037,-0.01183756962268724,0.02359315452393376,-0.21776795598493356,0.03513807686123562,0.07442399078262982,-0.007251302998907496
1430,0.033011849071256,0.29081710503301034,0.06893532155818717,-0.026869997164639527,0.14729832120933056,0.1672285320257715,0.06506733163786041,-0.2731300028353605,0.4471040612531122,0.06050449895910965,0.0200329792523622
1431,0.033011849071256,0.29081710503301034,0.06893532155818717,-0.026869997164639527,0.14729832120933056,0.1672285320257715,0.06506733163786041,-0.2731300028353605,0.4471040612531122,0.06050449895910965,0.0200329792523622
1432,0.033011849071256,0.29081710503301034,0.06893532155818717,-0.026869997164639527,0.14729832120933056,0.1672285320257715,0.06506733163786041,-0.2731300028353605,0.4471040612531122,0.06050449895910965,0.0200329792523622
1433,0.033011849071256,0.29081710503301034,0.06893532155818717,-0.026869997164639527,0.14729832120933056,0.1672285320257715,0.06506733163786041,-0.2731300028353605,0.4471040612531122,0.06050449895910965,0.0200329792523622
1434,0.033011849071256,0.29081710503301034,0.06893532155818717,-0.026869997164639527,0.14729832120933056,0.1672285320257715,0.06506733163786041,-0.2731300028353605,0.4471040612531122,0.06050449895910965,0.0200329792523622
1435,0.033011849071256,0.29081710503301034,0.06893532155818717,-0.026869997164639527,0.14729832120933056,0.1672285320257715,0.06506733163786041,-0.2731300028353605,0.4471040612531122,0.06050449895910965,0.0200329792523622
1436,0.033011849071256,0.29081710503301034,0.06893532155818717,-0.026869997164639527,0.14729832120933056,0.1672285320257715,0.06506733163786041,-0.2731300028353605,0.4471040612531122,0.06050449895910965,0.0200329792523622
1437,0.033011849071256,0.29081710503301034,0.06893532155818717,-0.026869997164639527,0.14729832120933056,0.1672285320257715,0.06506733163786041,-0.2731300028353605,0.4471040612531122,0.06050449895910965,0.0200329792523622
1438,0.033011849071256,0.29081710503301034,0.06893532155818717,-0.026869997164639527,0.14729832120933056,0.1672285320257715,0.06506733163786041,-0.2731300028353605,0.4471040612531122,0.06050449895910965,0.0200329792523622
1439,0.033011849071256,0.29081710503301034,0.06893532155818717,-0.026869997164639527,0.14729832120933056,0.1672285320257715,0.06506733163786041,-0.2731300028353605,0.4471040612531122,0.06050449895910965,0.0200329792523622
1440,0.033011849071256,0.29081710503301034,0.06893532155818717,-0.026869997164639527,0.14729832120933056,0.1672285320257715,0.06506733163786041,-0.2731300028353605,0.4471040612531122,0.06050449895910965,0.0200329792523622
1441,0.033011849071256,0.29081710503301034,0.06893532155818717,-0.026869997164639527,0.14729832120933056,0.1672285320257715,0.06506733163786041,-0.2731300028353605,0.4471040612531122,0.06050449895910965,0.0200329792523622
1442,0.033011849071256,0.29081710503301034,0.06893532155818717,-0.026869997164639527,0.14729832120933056,0.1672285320257715,0.06506733163786041,-0.2731300028353605,0.4471040612531122,0.06050449895910965,0.0200329792523622
1443,0.033011849071256,0.29081710503301034,0.06893532155818717,-0.026869997164639527,0.14729832120933056,0.1672285320257715,0.06506733163786041,-0.2731300028353605,0.4471040612531122,0.06050449895910965,0.0200329792523622
1444,0.033011849071256,0.29081710503301034,0.06893532155818717,-0.026869997164639527,0.14729832120933056,0.1672285320257715,0.06506733163786041,-0.2731300028353605,0.4471040612531122,0.06050449895910965,0.0200329792523622
1445,0.033011849071256,0.29081710503301034,0.06893532155818717,-0.026869997164639527,0.14729832120933056,0.1672285320257715,0.06506733163786041,-0.2731300028353605,0.4471040612531122,0.06050449895910965,0.0200329792523622
1446,0.033011849071256,0.29081710503301034,0.06893532155818717,-0.026869997164639527,0.14729832120933056,0.1672285320257715,0.06506733163786041,-0.2731300028353605,0.4471040612531122,0.06050449895910965,0.0200329792523622
1447,0.033011849071256,0.29081710503301034,0.06893532155818717,-0.026869997164639527,0.14729832120933056,0.1672285320257715,0.06506733163786041,-0.2731300028353605,0.4471040612531122,0.06050449895910965,0.0200329792523622
1448,0.033011849071256,0.29081710503301034,0.06893532155818717,-0.026869997164639527,0.14729832120933056,0.1672285320257715,0.06506733163786041,-0.2731300028353605,0.4471040612531122,0.06050449895910965,0.0200329792523622
1449,0.033011849071256,0.29081710503301034,0.06893532155818717,-0.026869997164639527,0.14729832120933056,0.1672285320257715,0.06506733163786041,-0.2731300028353605,0.4471040612531122,0.06050449895910965,0.0200329792523622
1450,0.033011849071256,0.29081710503301034,0.06893532155818717,-0.026869997164639527,0.14729832120933056,0.1672285320257715,0.06506733163786041,-0.2731300028353605,0.4471040612531122,0.06050449895910965,0.0200329792523622
1451,0.033011849071256,0.29081710503301034,0.06893532155818717,-0.026869997164639527,0.14729832120933056,0.1672285320257715,0.06506733163786041,-0.2731300028353605,0.4471040612531122,0.06050449895910965,0.0200329792523622
1452,0.033011849071256,0.29081710503301034,0.06893532155818717,-0.026869997164639527,0.14729832120933056,0.1672285320257715,0.06506733163786041,-0.2731300028353605,0.4471040612531122,0.06050449895910965,0.0200329792523622
1453,0.033011849071256,0.29081710503301034,0.06893532155818717,-0.026869997164639527,0.14729832120933056,0.1672285320257715,0.06506733163786041,-0.2731300028353605,0.4471040612531122,0.06050449895910965,0.0200329792523622
1454,0.033011849071256,0.29081710503301034,0.06893532155818717,-0.026869997164639527,0.14729832120933056,0.1672285320257715,0.06506733163786041,-0.2731300028353605,0.4471040612531122,0.06050449895910965,0.0200329792523622
1455,0.033011849071256,0.29081710503301034,0.06893532155818717,-0.026869997164639527,0.14729832120933056,0.1672285320257715,0.06506733163786041,-0.2731300028353605,0.4471040612531122,0.06050449895910965,0.0200329792523622
1456,0.033011849071256,0.29081710503301034,0.06893532155818717,-0.026869997164639527,0.14729832120933056,0.1672285320257715,0.06506733163786041,-0.2731300028353605,0.4471040612531122,0.06050449895910965,0.0200329792523622
1457,0.033011849071256,0.29081710503301034,0.06893532155818717,-0.026869997164639527,0.14729832120933056,0.1672285320257715,0.06506733163786041,-0.2731300028353605,0.4471040612531122,0.06050449895910965,0.0200329792523622
1458,0.033011849071256,0.29081710503301034,0.06893532155818717,-0.026869997164639527,0.14729832120933056,0.1672285320257715,0.06506733163786041,-0.2731300028353605,0.4471040612531122,0.06050449895910965,0.0200329792523622
1459,0.033011849071256,0.29081710503301034,0.06893532155818717,-0.026869997164639527,0.14729832120933056,0.1672285320257715,0.06506733163786041,-0.2731300028353605,0.4471040612531122,0.06050449895910965,0.0200329792523622
1460,0.033011849071256,0.29081710503301034,0.06893532155818717,-0.026869997164639527,0.14729832120933056,0.1672285320257715,0.06506733163786041,-0.2731300028353605,0.4471040612531122,0.06050449895910965,0.0200329792523622
1461,0.0,0.0,0.0,0.0,0.0,0.0,0.0,0.0,0.0,0.0,0.0
1462,0.0,0.0,0.0,0.0,0.0,0.0,0.0,0.0,0.0,0.0,0.0
1463,0.0,0.0,0.0,0.0,0.0,0.0,0.0,0.0,0.0,0.0,0.0
1464,0.0,0.0,0.0,0.0,0.0,0.0,0.0,0.0,0.0,0.0,0.0
1465,0.0,0.0,0.0,0.0,0.0,0.0,0.0,0.0,0.0,0.0,0.0
1466,0.0,0.0,0.0,0.0,0.0,0.0,0.0,0.0,0.0,0.0,0.0
1467,0.0,0.0,0.0,0.0,0.0,0.0,0.0,0.0,0.0,0.0,0.0
1468,0.0,0.0,0.0,0.0,0.0,0.0,0.0,0.0,0.0,0.0,0.0
1469,0.0,0.0,0.0,0.0,0.0,0.0,0.0,0.0,0.0,0.0,0.0
1470,0.0,0.0,0.0,0.0,0.0,0.0,0.0,0.0,0.0,0.0,0.0
1471,0.0,0.0,0.0,0.0,0.0,0.0,0.0,0.0,0.0,0.0,0.0
1472,0.0,0.0,0.0,0.0,0.0,0.0,0.0,0.0,0.0,0.0,0.0
1473,0.0,0.0,0.0,0.0,0.0,0.0,0.0,0.0,0.0,0.0,0.0
1474,0.0,0.0,0.0,0.0,0.0,0.0,0.0,0.0,0.0,0.0,0.0
1475,0.0,0.0,0.0,0.0,0.0,0.0,0.0,0.0,0.0,0.0,0.0
1476,0.0,0.0,0.0,0.0,0.0,0.0,0.0,0.0,0.0,0.0,0.0
1477,0.0,0.0,0.0,0.0,0.0,0.0,0.0,0.0,0.0,0.0,0.0
1478,0.0,0.0,0.0,0.0,0.0,0.0,0.0,0.0,0.0,0.0,0.0
1479,0.0,0.0,0.0,0.0,0.0,0.0,0.0,0.0,0.0,0.0,0.0
1480,0.0,0.0,0.0,0.0,0.0,0.0,0.0,0.0,0.0,0.0,0.0
1481,0.0,0.0,0.0,0.0,0.0,0.0,0.0,0.0,0.0,0.0,0.0
1482,0.0,0.0,0.0,0.0,0.0,0.0,0.0,0.0,0.0,0.0,0.0
1483,0.0,0.0,0.0,0.0,0.0,0.0,0.0,0.0,0.0,0.0,0.0
1484,0.0,0.0,0.0,0.0,0.0,0.0,0.0,0.0,0.0,0.0,0.0
1485,0.0,0.0,0.0,0.0,0.0,0.0,0.0,0.0,0.0,0.0,0.0
1486,0.0,0.0,0.0,0.0,0.0,0.0,0.0,0.0,0.0,0.0,0.0
1487,0.0,0.0,0.0,0.0,0.0,0.0,0.0,0.0,0.0,0.0,0.0
1488,0.0,0.0,0.0,0.0,0.0,0.0,0.0,0.0,0.0,0.0,0.0
1489,0.0,0.0,0.0,0.0,0.0,0.0,0.0,0.0,0.0,0.0,0.0
1490,0.0,0.0,0.0,0.0,0.0,0.0,0.0,0.0,0.0,0.0,0.0
1491,0.0,0.0,0.0,0.0,0.0,0.0,0.0,0.0,0.0,0.0,0.0
1492,0.0,0.0,0.0,0.0,0.0,0.0,0.0,0.0,0.0,0.0,0.0
1493,0.0,0.0,0.0,0.0,0.0,0.0,0.0,0.0,0.0,0.0,0.0
1494,0.0,0.0,0.0,0.0,0.0,0.0,0.0,0.0,0.0,0.0,0.0
1495,0.0,0.0,0.0,0.0,0.0,0.0,0.0,0.0,0.0,0.0,0.0
1496,0.0,0.0,0.0,0.0,0.0,0.0,0.0,0.0,0.0,0.0,0.0
1497,0.0,0.0,0.0,0.0,0.0,0.0,0.0,0.0,0.0,0.0,0.0
1498,0.0,0.0,0.0,0.0,0.0,0.0,0.0,0.0,0.0,0.0,0.0
1499,0.0,0.0,0.0,0.0,0.0,0.0,0.0,0.0,0.0,0.0,0.0
1500,0.0,0.0,0.0,0.0,0.0,0.0,0.0,0.0,0.0,0.0,0.0
1501,0.0,0.0,0.0,0.0,0.0,0.0,0.0,0.0,0.0,0.0,0.0
1502,0.0,0.0,0.0,0.0,0.0,0.0,0.0,0.0,0.0,0.0,0.0
1503,0.0,0.0,0.0,0.0,0.0,0.0,0.0,0.0,0.0,0.0,0.0
1504,0.0,0.0,0.0,0.0,0.0,0.0,0.0,0.0,0.0,0.0,0.0
1505,0.0,0.0,0.0,0.0,0.0,0.0,0.0,0.0,0.0,0.0,0.0
1506,0.0,0.0,0.0,0.0,0.0,0.0,0.0,0.0,0.0,0.0,0.0
1507,0.0,0.0,0.0,0.0,0.0,0.0,0.0,0.0,0.0,0.0,0.0
1508,0.0,0.0,0.0,0.0,0.0,0.0,0.0,0.0,0.0,0.0,0.0
1509,0.0,0.0,0.0,0.0,0.0,0.0,0.0,0.0,0.0,0.0,0.0
1510,0.0,0.0,0.0,0.0,0.0,0.0,0.0,0.0,0.0,0.0,0.0
1511,0.0,0.0,0.0,0.0,0.0,0.0,0.0,0.0,0.0,0.0,0.0
1512,0.0,0.0,0.0,0.0,0.0,0.0,0.0,0.0,0.0,0.0,0.0
1513,0.0,0.0,0.0,0.0,0.0,0.0,0.0,0.0,0.0,0.0,0.0
1514,0.0,0.0,0.0,0.0,0.0,0.0,0.0,0.0,0.0,0.0,0.0
1515,0.0,0.0,0.0,0.0,0.0,0.0,0.0,0.0,0.0,0.0,0.0
1516,0.0,0.0,0.0,0.0,0.0,0.0,0.0,0.0,0.0,0.0,0.0
1517,0.0,0.0,0.0,0.0,0.0,0.0,0.0,0.0,0.0,0.0,0.0
1518,0.0,0.0,0.0,0.0,0.0,0.0,0.0,0.0,0.0,0.0,0.0
1519,0.0,0.0,0.0,0.0,0.0,0.0,0.0,0.0,0.0,0.0,0.0
1520,0.0,0.0,0.0,0.0,0.0,0.0,0.0,0.0,0.0,0.0,0.0
1521,0.0,0.0,0.0,0.0,0.0,0.0,0.0,0.0,0.0,0.0,0.0
1522,0.0,0.0,0.0,0.0,0.0,0.0,0.0,0.0,0.0,0.0,0.0
1523,0.0,0.0,0.0,0.0,0.0,0.0,0.0,0.0,0.0,0.0,0.0
1524,0.0,0.0,0.0,0.0,0.0,0.0,0.0,0.0,0.0,0.0,0.0
1525,0.0,0.0,0.0,0.0,0.0,0.0,0.0,0.0,0.0,0.0,0.0
1526,0.0,0.0,0.0,0.0,0.0,0.0,0.0,0.0,0.0,0.0,0.0
1527,0.0,0.0,0.0,0.0,0.0,0.0,0.0,0.0,0.0,0.0,0.0
1528,0.0,0.0,0.0,0.0,0.0,0.0,0.0,0.0,0.0,0.0,0.0
1529,0.0,0.0,0.0,0.0,0.0,0.0,0.0,0.0,0.0,0.0,0.0
1530,0.0,0.0,0.0,0.0,0.0,0.0,0.0,0.0,0.0,0.0,0.0
1531,0.0,0.0,0.0,0.0,0.0,0.0,0.0,0.0,0.0,0.0,0.0
1532,0.0,0.0,0.0,0.0,0.0,0.0,0.0,0.0,0.0,0.0,0.0
1533,0.0,0.0,0.0,0.0,0.0,0.0,0.0,0.0,0.0,0.0,0.0
1534,0.0,0.0,0.0,0.0,0.0,0.0,0.0,0.0,0.0,0.0,0.0
1535,0.0,0.0,0.0,0.0,0.0,0.0,0.0,0.0,0.0,0.0,0.0
1536,0.0,0.0,0.0,0.0,0.0,0.0,0.0,0.0,0.0,0.0,0.0
1537,0.0,0.0,0.0,0.0,0.0,0.0,0.0,0.0,0.0,0.0,0.0
1538,0.0,0.0,0.0,0.0,0.0,0.0,0.0,0.0,0.0,0.0,0.0
1539,0.0,0.0,0.0,0.0,0.0,0.0,0.0,0.0,0.0,0.0,0.0
1540,0.0,0.0,0.0,0.0,0.0,0.0,0.0,0.0,0.0,0.0,0.0
1541,0.0,0.0,0.0,0.0,0.0,0.0,0.0,0.0,0.0,0.0,0.0
1542,0.0,0.0,0.0,0.0,0.0,0.0,0.0,0.0,0.0,0.0,0.0
1543,0.0,0.0,0.0,0.0,0.0,0.0,0.0,0.0,0.0,0.0,0.0
1544,0.0,0.0,0.0,0.0,0.0,0.0,0.0,0.0,0.0,0.0,0.0
1545,0.0,0.0,0.0,0.0,0.0,0.0,0.0,0.0,0.0,0.0,0.0
1546,0.0,0.0,0.0,0.0,0.0,0.0,0.0,0.0,0.0,0.0,0.0
1547,0.0,0.0,0.0,0.0,0.0,0.0,0.0,0.0,0.0,0.0,0.0
1548,0.0,0.0,0.0,0.0,0.0,0.0,0.0,0.0,0.0,0.0,0.0
1549,0.0,0.0,0.0,0.0,0.0,0.0,0.0,0.0,0.0,0.0,0.0
1550,0.0,0.0,0.0,0.0,0.0,0.0,0.0,0.0,0.0,0.0,0.0
1551,0.0,0.0,0.0,0.0,0.0,0.0,0.0,0.0,0.0,0.0,0.0
1552,0.0,0.0,0.0,0.0,0.0,0.0,0.0,0.0,0.0,0.0,0.0
1553,0.0,0.0,0.0,0.0,0.0,0.0,0.0,0.0,0.0,0.0,0.0
1554,0.0,0.0,0.0,0.0,0.0,0.0,0.0,0.0,0.0,0.0,0.0
1555,0.0,0.0,0.0,0.0,0.0,0.0,0.0,0.0,0.0,0.0,0.0
1556,0.0,0.0,0.0,0.0,0.0,0.0,0.0,0.0,0.0,0.0,0.0
1557,0.0,0.0,0.0,0.0,0.0,0.0,0.0,0.0,0.0,0.0,0.0
1558,0.0,0.0,0.0,0.0,0.0,0.0,0.0,0.0,0.0,0.0,0.0
1559,0.0,0.0,0.0,0.0,0.0,0.0,0.0,0.0,0.0,0.0,0.0
1560,0.0,0.0,0.0,0.0,0.0,0.0,0.0,0.0,0.0,0.0,0.0
1561,0.0,0.0,0.0,0.0,0.0,0.0,0.0,0.0,0.0,0.0,0.0
1562,0.0,0.0,0.0,0.0,0.0,0.0,0.0,0.0,0.0,0.0,0.0
1563,0.0,0.0,0.0,0.0,0.0,0.0,0.0,0.0,0.0,0.0,0.0
1564,0.0,0.0,0.0,0.0,0.0,0.0,0.0,0.0,0.0,0.0,0.0
1565,0.0,0.0,0.0,0.0,0.0,0.0,0.0,0.0,0.0,0.0,0.0
1566,0.0,0.0,0.0,0.0,0.0,0.0,0.0,0.0,0.0,0.0,0.0
1567,0.0,0.0,0.0,0.0,0.0,0.0,0.0,0.0,0.0,0.0,0.0
1568,0.0,0.0,0.0,0.0,0.0,0.0,0.0,0.0,0.0,0.0,0.0
1569,0.0,0.0,0.0,0.0,0.0,0.0,0.0,0.0,0.0,0.0,0.0
1570,0.0,0.0,0.0,0.0,0.0,0.0,0.0,0.0,0.0,0.0,0.0
1571,0.0,0.0,0.0,0.0,0.0,0.0,0.0,0.0,0.0,0.0,0.0
1572,0.0,0.0,0.0,0.0,0.0,0.0,0.0,0.0,0.0,0.0,0.0
1573,0.0,0.0,0.0,0.0,0.0,0.0,0.0,0.0,0.0,0.0,0.0
1574,0.0,0.0,0.0,0.0,0.0,0.0,0.0,0.0,0.0,0.0,0.0
1575,0.0,0.0,0.0,0.0,0.0,0.0,0.0,0.0,0.0,0.0,0.0
1576,0.0,0.0,0.0,0.0,0.0,0.0,0.0,0.0,0.0,0.0,0.0
1577,0.0,0.0,0.0,0.0,0.0,0.0,0.0,0.0,0.0,0.0,0.0
1578,0.0,0.0,0.0,0.0,0.0,0.0,0.0,0.0,0.0,0.0,0.0
1579,0.0,0.0,0.0,0.0,0.0,0.0,0.0,0.0,0.0,0.0,0.0
1580,0.0,0.0,0.0,0.0,0.0,0.0,0.0,0.0,0.0,0.0,0.0
1581,0.0,0.0,0.0,0.0,0.0,0.0,0.0,0.0,0.0,0.0,0.0
1582,0.0,0.0,0.0,0.0,0.0,0.0,0.0,0.0,0.0,0.0,0.0
1583,0.0,0.0,0.0,0.0,0.0,0.0,0.0,0.0,0.0,0.0,0.0
1584,0.0,0.0,0.0,0.0,0.0,0.0,0.0,0.0,0.0,0.0,0.0
1585,0.0,0.0,0.0,0.0,0.0,0.0,0.0,0.0,0.0,0.0,0.0
1586,0.0,0.0,0.0,0.0,0.0,0.0,0.0,0.0,0.0,0.0,0.0
1587,0.0,0.0,0.0,0.0,0.0,0.0,0.0,0.0,0.0,0.0,0.0
1588,0.0,0.0,0.0,0.0,0.0,0.0,0.0,0.0,0.0,0.0,0.0
1589,0.0,0.0,0.0,0.0,0.0,0.0,0.0,0.0,0.0,0.0,0.0
1590,0.0,0.0,0.0,0.0,0.0,0.0,0.0,0.0,0.0,0.0,0.0
1591,0.0,0.0,0.0,0.0,0.0,0.0,0.0,0.0,0.0,0.0,0.0
1592,0.0,0.0,0.0,0.0,0.0,0.0,0.0,0.0,0.0,0.0,0.0
1593,0.0,0.0,0.0,0.0,0.0,0.0,0.0,0.0,0.0,0.0,0.0
1594,0.0,0.0,0.0,0.0,0.0,0.0,0.0,0.0,0.0,0.0,0.0
1595,0.0,0.0,0.0,0.0,0.0,0.0,0.0,0.0,0.0,0.0,0.0
1596,0.0,0.0,0.0,0.0,0.0,0.0,0.0,0.0,0.0,0.0,0.0
1597,0.0,0.0,0.0,0.0,0.0,0.0,0.0,0.0,0.0,0.0,0.0
1598,0.0,0.0,0.0,0.0,0.0,0.0,0.0,0.0,0.0,0.0,0.0
1599,0.0,0.0,0.0,0.0,0.0,0.0,0.0,0.0,0.0,0.0,0.0
1600,0.0,0.0,0.0,0.0,0.0,0.0,0.0,0.0,0.0,0.0,0.0
1601,0.0,0.0,0.0,0.0,0.0,0.0,0.0,0.0,0.0,0.0,0.0
1602,0.0,0.0,0.0,0.0,0.0,0.0,0.0,0.0,0.0,0.0,0.0
1603,0.0,0.0,0.0,0.0,0.0,0.0,0.0,0.0,0.0,0.0,0.0
1604,0.0,0.0,0.0,0.0,0.0,0.0,0.0,0.0,0.0,0.0,0.0
1605,0.0,0.0,0.0,0.0,0.0,0.0,0.0,0.0,0.0,0.0,0.0
1606,0.0,0.0,0.0,0.0,0.0,0.0,0.0,0.0,0.0,0.0,0.0
1607,0.0,0.0,0.0,0.0,0.0,0.0,0.0,0.0,0.0,0.0,0.0
1608,0.0,0.0,0.0,0.0,0.0,0.0,0.0,0.0,0.0,0.0,0.0
1609,0.0,0.0,0.0,0.0,0.0,0.0,0.0,0.0,0.0,0.0,0.0
1610,0.0,0.0,0.0,0.0,0.0,0.0,0.0,0.0,0.0,0.0,0.0
1611,0.0,0.0,0.0,0.0,0.0,0.0,0.0,0.0,0.0,0.0,0.0
1612,0.0,0.0,0.0,0.0,0.0,0.0,0.0,0.0,0.0,0.0,0.0
1613,0.0,0.0,0.0,0.0,0.0,0.0,0.0,0.0,0.0,0.0,0.0
1614,0.0,0.0,0.0,0.0,0.0,0.0,0.0,0.0,0.0,0.0,0.0
1615,0.0,0.0,0.0,0.0,0.0,0.0,0.0,0.0,0.0,0.0,0.0
1616,0.0,0.0,0.0,0.0,0.0,0.0,0.0,0.0,0.0,0.0,0.0
1617,0.0,0.0,0.0,0.0,0.0,0.0,0.0,0.0,0.0,0.0,0.0
1618,0.0,0.0,0.0,0.0,0.0,0.0,0.0,0.0,0.0,0.0,0.0
1619,0.0,0.0,0.0,0.0,0.0,0.0,0.0,0.0,0.0,0.0,0.0
1620,0.0,0.0,0.0,0.0,0.0,0.0,0.0,0.0,0.0,0.0,0.0
1621,0.0,0.0,0.0,0.0,0.0,0.0,0.0,0.0,0.0,0.0,0.0
1622,0.0,0.0,0.0,0.0,0.0,0.0,0.0,0.0,0.0,0.0,0.0
1623,0.0,0.0,0.0,0.0,0.0,0.0,0.0,0.0,0.0,0.0,0.0
1624,0.0,0.0,0.0,0.0,0.0,0.0,0.0,0.0,0.0,0.0,0.0
1625,0.0,0.0,0.0,0.0,0.0,0.0,0.0,0.0,0.0,0.0,0.0
1626,0.0,0.0,0.0,0.0,0.0,0.0,0.0,0.0,0.0,0.0,0.0
1627,0.0,0.0,0.0,0.0,0.0,0.0,0.0,0.0,0.0,0.0,0.0
1628,0.0,0.0,0.0,0.0,0.0,0.0,0.0,0.0,0.0,0.0,0.0
1629,0.0,0.0,0.0,0.0,0.0,0.0,0.0,0.0,0.0,0.0,0.0
1630,0.0,0.0,0.0,0.0,0.0,0.0,0.0,0.0,0.0,0.0,0.0
1631,0.0,0.0,0.0,0.0,0.0,0.0,0.0,0.0,0.0,0.0,0.0
1632,0.0,0.0,0.0,0.0,0.0,0.0,0.0,0.0,0.0,0.0,0.0
1633,0.0,0.0,0.0,0.0,0.0,0.0,0.0,0.0,0.0,0.0,0.0
1634,0.0,0.0,0.0,0.0,0.0,0.0,0.0,0.0,0.0,0.0,0.0
1635,0.0,0.0,0.0,0.0,0.0,0.0,0.0,0.0,0.0,0.0,0.0
1636,0.0,0.0,0.0,0.0,0.0,0.0,0.0,0.0,0.0,0.0,0.0
1637,0.0,0.0,0.0,0.0,0.0,0.0,0.0,0.0,0.0,0.0,0.0
1638,0.0,0.0,0.0,0.0,0.0,0.0,0.0,0.0,0.0,0.0,0.0
1639,0.0,0.0,0.0,0.0,0.0,0.0,0.0,0.0,0.0,0.0,0.0
1640,0.0,0.0,0.0,0.0,0.0,0.0,0.0,0.0,0.0,0.0,0.0
1641,0.0,0.0,0.0,0.0,0.0,0.0,0.0,0.0,0.0,0.0,0.0
1642,0.0,0.0,0.0,0.0,0.0,0.0,0.0,0.0,0.0,0.0,0.0
1643,0.0,0.0,0.0,0.0,0.0,0.0,0.0,0.0,0.0,0.0,0.0
1644,0.0,0.0,0.0,0.0,0.0,0.0,0.0,0.0,0.0,0.0,0.0
1645,0.0,0.0,0.0,0.0,0.0,0.0,0.0,0.0,0.0,0.0,0.0
1646,0.0,0.0,0.0,0.0,0.0,0.0,0.0,0.0,0.0,0.0,0.0
1647,0.0,0.0,0.0,0.0,0.0,0.0,0.0,0.0,0.0,0.0,0.0
1648,0.0,0.0,0.0,0.0,0.0,0.0,0.0,0.0,0.0,0.0,0.0
1649,0.0,0.0,0.0,0.0,0.0,0.0,0.0,0.0,0.0,0.0,0.0
1650,0.0,0.0,0.0,0.0,0.0,0.0,0.0,0.0,0.0,0.0,0.0
1651,0.0,0.0,0.0,0.0,0.0,0.0,0.0,0.0,0.0,0.0,0.0
1652,0.0,0.0,0.0,0.0,0.0,0.0,0.0,0.0,0.0,0.0,0.0
1653,0.0,0.0,0.0,0.0,0.0,0.0,0.0,0.0,0.0,0.0,0.0
1654,0.0,0.0,0.0,0.0,0.0,0.0,0.0,0.0,0.0,0.0,0.0
1655,0.0,0.0,0.0,0.0,0.0,0.0,0.0,0.0,0.0,0.0,0.0
1656,0.0,0.0,0.0,0.0,0.0,0.0,0.0,0.0,0.0,0.0,0.0
1657,0.0,0.0,0.0,0.0,0.0,0.0,0.0,0.0,0.0,0.0,0.0
1658,0.0,0.0,0.0,0.0,0.0,0.0,0.0,0.0,0.0,0.0,0.0
1659,0.0,0.0,0.0,0.0,0.0,0.0,0.0,0.0,0.0,0.0,0.0
1660,0.0,0.0,0.0,0.0,0.0,0.0,0.0,0.0,0.0,0.0,0.0
1661,0.0,0.0,0.0,0.0,0.0,0.0,0.0,0.0,0.0,0.0,0.0
1662,0.0,0.0,0.0,0.0,0.0,0.0,0.0,0.0,0.0,0.0,0.0
1663,0.0,0.0,0.0,0.0,0.0,0.0,0.0,0.0,0.0,0.0,0.0
1664,0.0,0.0,0.0,0.0,0.0,0.0,0.0,0.0,0.0,0.0,0.0
1665,0.0,0.0,0.0,0.0,0.0,0.0,0.0,0.0,0.0,0.0,0.0
1666,0.0,0.0,0.0,0.0,0.0,0.0,0.0,0.0,0.0,0.0,0.0
1667,0.0,0.0,0.0,0.0,0.0,0.0,0.0,0.0,0.0,0.0,0.0
1668,0.0,0.0,0.0,0.0,0.0,0.0,0.0,0.0,0.0,0.0,0.0
1669,0.0,0.0,0.0,0.0,0.0,0.0,0.0,0.0,0.0,0.0,0.0
1670,0.0,0.0,0.0,0.0,0.0,0.0,0.0,0.0,0.0,0.0,0.0
1671,0.0,0.0,0.0,0.0,0.0,0.0,0.0,0.0,0.0,0.0,0.0
1672,0.0,0.0,0.0,0.0,0.0,0.0,0.0,0.0,0.0,0.0,0.0
1673,0.0,0.0,0.0,0.0,0.0,0.0,0.0,0.0,0.0,0.0,0.0
1674,0.0,0.0,0.0,0.0,0.0,0.0,0.0,0.0,0.0,0.0,0.0
1675,0.0,0.0,0.0,0.0,0.0,0.0,0.0,0.0,0.0,0.0,0.0
1676,0.0,0.0,0.0,0.0,0.0,0.0,0.0,0.0,0.0,0.0,0.0
1677,0.0,0.0,0.0,0.0,0.0,0.0,0.0,0.0,0.0,0.0,0.0
1678,0.0,0.0,0.0,0.0,0.0,0.0,0.0,0.0,0.0,0.0,0.0
1679,0.0,0.0,0.0,0.0,0.0,0.0,0.0,0.0,0.0,0.0,0.0
1680,0.0,0.0,0.0,0.0,0.0,0.0,0.0,0.0,0.0,0.0,0.0
1681,0.0,0.0,0.0,0.0,0.0,0.0,0.0,0.0,0.0,0.0,0.0
1682,0.0,0.0,0.0,0.0,0.0,0.0,0.0,0.0,0.0,0.0,0.0
1683,0.0,0.0,0.0,0.0,0.0,0.0,0.0,0.0,0.0,0.0,0.0
1684,0.0,0.0,0.0,0.0,0.0,0.0,0.0,0.0,0.0,0.0,0.0
1685,0.0,0.0,0.0,0.0,0.0,0.0,0.0,0.0,0.0,0.0,0.0
1686,0.0,0.0,0.0,0.0,0.0,0.0,0.0,0.0,0.0,0.0,0.0
1687,0.0,0.0,0.0,0.0,0.0,0.0,0.0,0.0,0.0,0.0,0.0
1688,0.0,0.0,0.0,0.0,0.0,0.0,0.0,0.0,0.0,0.0,0.0
1689,0.0,0.0,0.0,0.0,0.0,0.0,0.0,0.0,0.0,0.0,0.0
1690,0.0,0.0,0.0,0.0,0.0,0.0,0.0,0.0,0.0,0.0,0.0
1691,0.0,0.0,0.0,0.0,0.0,0.0,0.0,0.0,0.0,0.0,0.0
1692,0.0,0.0,0.0,0.0,0.0,0.0,0.0,0.0,0.0,0.0,0.0
1693,0.0,0.0,0.0,0.0,0.0,0.0,0.0,0.0,0.0,0.0,0.0
1694,0.0,0.0,0.0,0.0,0.0,0.0,0.0,0.0,0.0,0.0,0.0
1695,0.0,0.0,0.0,0.0,0.0,0.0,0.0,0.0,0.0,0.0,0.0
1696,0.0,0.0,0.0,0.0,0.0,0.0,0.0,0.0,0.0,0.0,0.0
1697,0.0,0.0,0.0,0.0,0.0,0.0,0.0,0.0,0.0,0.0,0.0
1698,0.0,0.0,0.0,0.0,0.0,0.0,0.0,0.0,0.0,0.0,0.0
1699,0.0,0.0,0.0,0.0,0.0,0.0,0.0,0.0,0.0,0.0,0.0
1700,0.0,0.0,0.0,0.0,0.0,0.0,0.0,0.0,0.0,0.0,0.0
1701,0.0,0.0,0.0,0.0,0.0,0.0,0.0,0.0,0.0,0.0,0.0
1702,0.0,0.0,0.0,0.0,0.0,0.0,0.0,0.0,0.0,0.0,0.0
1703,0.0,0.0,0.0,0.0,0.0,0.0,0.0,0.0,0.0,0.0,0.0
1704,0.0,0.0,0.0,0.0,0.0,0.0,0.0,0.0,0.0,0.0,0.0
1705,0.0,0.0,0.0,0.0,0.0,0.0,0.0,0.0,0.0,0.0,0.0
1706,0.0,0.0,0.0,0.0,0.0,0.0,0.0,0.0,0.0,0.0,0.0
1707,0.0,0.0,0.0,0.0,0.0,0.0,0.0,0.0,0.0,0.0,0.0
1708,0.0,0.0,0.0,0.0,0.0,0.0,0.0,0.0,0.0,0.0,0.0
1709,0.0,0.0,0.0,0.0,0.0,0.0,0.0,0.0,0.0,0.0,0.0
1710,0.0,0.0,0.0,0.0,0.0,0.0,0.0,0.0,0.0,0.0,0.0
1711,0.0,0.0,0.0,0.0,0.0,0.0,0.0,0.0,0.0,0.0,0.0
1712,0.0,0.0,0.0,0.0,0.0,0.0,0.0,0.0,0.0,0.0,0.0
1713,0.0,0.0,0.0,0.0,0.0,0.0,0.0,0.0,0.0,0.0,0.0
1714,0.0,0.0,0.0,0.0,0.0,0.0,0.0,0.0,0.0,0.0,0.0
1715,0.0,0.0,0.0,0.0,0.0,0.0,0.0,0.0,0.0,0.0,0.0
1716,0.0,0.0,0.0,0.0,0.0,0.0,0.0,0.0,0.0,0.0,0.0
1717,0.0,0.0,0.0,0.0,0.0,0.0,0.0,0.0,0.0,0.0,0.0
1718,0.0,0.0,0.0,0.0,0.0,0.0,0.0,0.0,0.0,0.0,0.0
1719,0.0,0.0,0.0,0.0,0.0,0.0,0.0,0.0,0.0,0.0,0.0
1720,0.0,0.0,0.0,0.0,0.0,0.0,0.0,0.0,0.0,0.0,0.0
1721,0.0,0.0,0.0,0.0,0.0,0.0,0.0,0.0,0.0,0.0,0.0
1722,0.0,0.0,0.0,0.0,0.0,0.0,0.0,0.0,0.0,0.0,0.0
1723,0.0,0.0,0.0,0.0,0.0,0.0,0.0,0.0,0.0,0.0,0.0
1724,0.0,0.0,0.0,0.0,0.0,0.0,0.0,0.0,0.0,0.0,0.0
1725,0.0,0.0,0.0,0.0,0.0,0.0,0.0,0.0,0.0,0.0,0.0
1726,0.0,0.0,0.0,0.0,0.0,0.0,0.0,0.0,0.0,0.0,0.0
1727,0.0,0.0,0.0,0.0,0.0,0.0,0.0,0.0,0.0,0.0,0.0
1728,0.0,0.0,0.0,0.0,0.0,0.0,0.0,0.0,0.0,0.0,0.0
1729,0.0,0.0,0.0,0.0,0.0,0.0,0.0,0.0,0.0,0.0,0.0
1730,0.0,0.0,0.0,0.0,0.0,0.0,0.0,0.0,0.0,0.0,0.0
1731,0.0,0.0,0.0,0.0,0.0,0.0,0.0,0.0,0.0,0.0,0.0
1732,0.0,0.0,0.0,0.0,0.0,0.0,0.0,0.0,0.0,0.0,0.0
1733,0.0,0.0,0.0,0.0,0.0,0.0,0.0,0.0,0.0,0.0,0.0
1734,0.0,0.0,0.0,0.0,0.0,0.0,0.0,0.0,0.0,0.0,0.0
1735,0.0,0.0,0.0,0.0,0.0,0.0,0.0,0.0,0.0,0.0,0.0
1736,0.0,0.0,0.0,0.0,0.0,0.0,0.0,0.0,0.0,0.0,0.0
1737,0.0,0.0,0.0,0.0,0.0,0.0,0.0,0.0,0.0,0.0,0.0
1738,0.0,0.0,0.0,0.0,0.0,0.0,0.0,0.0,0.0,0.0,0.0
1739,0.0,0.0,0.0,0.0,0.0,0.0,0.0,0.0,0.0,0.0,0.0
1740,0.0,0.0,0.0,0.0,0.0,0.0,0.0,0.0,0.0,0.0,0.0
1741,0.0,0.0,0.0,0.0,0.0,0.0,0.0,0.0,0.0,0.0,0.0
1742,0.0,0.0,0.0,0.0,0.0,0.0,0.0,0.0,0.0,0.0,0.0
1743,0.0,0.0,0.0,0.0,0.0,0.0,0.0,0.0,0.0,0.0,0.0
1744,0.0,0.0,0.0,0.0,0.0,0.0,0.0,0.0,0.0,0.0,0.0
1745,0.0,0.0,0.0,0.0,0.0,0.0,0.0,0.0,0.0,0.0,0.0
1746,0.0,0.0,0.0,0.0,0.0,0.0,0.0,0.0,0.0,0.0,0.0
1747,0.0,0.0,0.0,0.0,0.0,0.0,0.0,0.0,0.0,0.0,0.0
1748,0.0,0.0,0.0,0.0,0.0,0.0,0.0,0.0,0.0,0.0,0.0
1749,0.0,0.0,0.0,0.0,0.0,0.0,0.0,0.0,0.0,0.0,0.0
1750,0.0,0.0,0.0,0.0,0.0,0.0,0.0,0.0,0.0,0.0,0.0
1751,0.0,0.0,0.0,0.0,0.0,0.0,0.0,0.0,0.0,0.0,0.0
1752,0.0,0.0,0.0,0.0,0.0,0.0,0.0,0.0,0.0,0.0,0.0
1753,0.0,0.0,0.0,0.0,0.0,0.0,0.0,0.0,0.0,0.0,0.0
1754,0.0,0.0,0.0,0.0,0.0,0.0,0.0,0.0,0.0,0.0,0.0
1755,0.0,0.0,0.0,0.0,0.0,0.0,0.0,0.0,0.0,0.0,0.0
1756,0.0,0.0,0.0,0.0,0.0,0.0,0.0,0.0,0.0,0.0,0.0
1757,0.0,0.0,0.0,0.0,0.0,0.0,0.0,0.0,0.0,0.0,0.0
1758,0.0,0.0,0.0,0.0,0.0,0.0,0.0,0.0,0.0,0.0,0.0
1759,0.0,0.0,0.0,0.0,0.0,0.0,0.0,0.0,0.0,0.0,0.0
1760,0.0,0.0,0.0,0.0,0.0,0.0,0.0,0.0,0.0,0.0,0.0
1761,0.0,0.0,0.0,0.0,0.0,0.0,0.0,0.0,0.0,0.0,0.0
1762,0.0,0.0,0.0,0.0,0.0,0.0,0.0,0.0,0.0,0.0,0.0
1763,0.0,0.0,0.0,0.0,0.0,0.0,0.0,0.0,0.0,0.0,0.0
1764,0.0,0.0,0.0,0.0,0.0,0.0,0.0,0.0,0.0,0.0,0.0
1765,0.0,0.0,0.0,0.0,0.0,0.0,0.0,0.0,0.0,0.0,0.0
1766,0.0,0.0,0.0,0.0,0.0,0.0,0.0,0.0,0.0,0.0,0.0
1767,0.0,0.0,0.0,0.0,0.0,0.0,0.0,0.0,0.0,0.0,0.0
1768,0.0,0.0,0.0,0.0,0.0,0.0,0.0,0.0,0.0,0.0,0.0
1769,0.0,0.0,0.0,0.0,0.0,0.0,0.0,0.0,0.0,0.0,0.0
1770,0.0,0.0,0.0,0.0,0.0,0.0,0.0,0.0,0.0,0.0,0.0
1771,0.0,0.0,0.0,0.0,0.0,0.0,0.0,0.0,0.0,0.0,0.0
1772,0.0,0.0,0.0,0.0,0.0,0.0,0.0,0.0,0.0,0.0,0.0
1773,0.0,0.0,0.0,0.0,0.0,0.0,0.0,0.0,0.0,0.0,0.0
1774,0.0,0.0,0.0,0.0,0.0,0.0,0.0,0.0,0.0,0.0,0.0
1775,0.0,0.0,0.0,0.0,0.0,0.0,0.0,0.0,0.0,0.0,0.0
1776,0.0,0.0,0.0,0.0,0.0,0.0,0.0,0.0,0.0,0.0,0.0
1777,0.0,0.0,0.0,0.0,0.0,0.0,0.0,0.0,0.0,0.0,0.0
1778,0.0,0.0,0.0,0.0,0.0,0.0,0.0,0.0,0.0,0.0,0.0
1779,0.0,0.0,0.0,0.0,0.0,0.0,0.0,0.0,0.0,0.0,0.0
1780,0.0,0.0,0.0,0.0,0.0,0.0,0.0,0.0,0.0,0.0,0.0
1781,0.0,0.0,0.0,0.0,0.0,0.0,0.0,0.0,0.0,0.0,0.0
1782,0.0,0.0,0.0,0.0,0.0,0.0,0.0,0.0,0.0,0.0,0.0
1783,0.0,0.0,0.0,0.0,0.0,0.0,0.0,0.0,0.0,0.0,0.0
1784,0.0,0.0,0.0,0.0,0.0,0.0,0.0,0.0,0.0,0.0,0.0
1785,0.0,0.0,0.0,0.0,0.0,0.0,0.0,0.0,0.0,0.0,0.0
1786,0.0,0.0,0.0,0.0,0.0,0.0,0.0,0.0,0.0,0.0,0.0
1787,0.0,0.0,0.0,0.0,0.0,0.0,0.0,0.0,0.0,0.0,0.0
1788,0.0,0.0,0.0,0.0,0.0,0.0,0.0,0.0,0.0,0.0,0.0
1789,0.0,0.0,0.0,0.0,0.0,0.0,0.0,0.0,0.0,0.0,0.0
1790,0.0,0.0,0.0,0.0,0.0,0.0,0.0,0.0,0.0,0.0,0.0
1791,0.0,0.0,0.0,0.0,0.0,0.0,0.0,0.0,0.0,0.0,0.0
1792,0.0,0.0,0.0,0.0,0.0,0.0,0.0,0.0,0.0,0.0,0.0
1793,0.0,0.0,0.0,0.0,0.0,0.0,0.0,0.0,0.0,0.0,0.0
1794,0.0,0.0,0.0,0.0,0.0,0.0,0.0,0.0,0.0,0.0,0.0
1795,0.0,0.0,0.0,0.0,0.0,0.0,0.0,0.0,0.0,0.0,0.0
1796,0.0,0.0,0.0,0.0,0.0,0.0,0.0,0.0,0.0,0.0,0.0
1797,0.0,0.0,0.0,0.0,0.0,0.0,0.0,0.0,0.0,0.0,0.0
1798,0.0,0.0,0.0,0.0,0.0,0.0,0.0,0.0,0.0,0.0,0.0
1799,0.0,0.0,0.0,0.0,0.0,0.0,0.0,0.0,0.0,0.0,0.0
1800,0.0,0.0,0.0,0.0,0.0,0.0,0.0,0.0,0.0,0.0,0.0
1801,0.0,0.0,0.0,0.0,0.0,0.0,0.0,0.0,0.0,0.0,0.0
1802,0.0,0.0,0.0,0.0,0.0,0.0,0.0,0.0,0.0,0.0,0.0
1803,0.0,0.0,0.0,0.0,0.0,0.0,0.0,0.0,0.0,0.0,0.0
1804,0.0,0.0,0.0,0.0,0.0,0.0,0.0,0.0,0.0,0.0,0.0
1805,0.0,0.0,0.0,0.0,0.0,0.0,0.0,0.0,0.0,0.0,0.0
1806,0.0,0.0,0.0,0.0,0.0,0.0,0.0,0.0,0.0,0.0,0.0
1807,0.0,0.0,0.0,0.0,0.0,0.0,0.0,0.0,0.0,0.0,0.0
1808,0.0,0.0,0.0,0.0,0.0,0.0,0.0,0.0,0.0,0.0,0.0
1809,0.0,0.0,0.0,0.0,0.0,0.0,0.0,0.0,0.0,0.0,0.0
1810,0.0,0.0,0.0,0.0,0.0,0.0,0.0,0.0,0.0,0.0,0.0
1811,0.0,0.0,0.0,0.0,0.0,0.0,0.0,0.0,0.0,0.0,0.0
1812,0.0,0.0,0.0,0.0,0.0,0.0,0.0,0.0,0.0,0.0,0.0
1813,0.0,0.0,0.0,0.0,0.0,0.0,0.0,0.0,0.0,0.0,0.0
1814,0.0,0.0,0.0,0.0,0.0,0.0,0.0,0.0,0.0,0.0,0.0
1815,0.0,0.0,0.0,0.0,0.0,0.0,0.0,0.0,0.0,0.0,0.0
1816,0.0,0.0,0.0,0.0,0.0,0.0,0.0,0.0,0.0,0.0,0.0
1817,0.0,0.0,0.0,0.0,0.0,0.0,0.0,0.0,0.0,0.0,0.0
1818,0.0,0.0,0.0,0.0,0.0,0.0,0.0,0.0,0.0,0.0,0.0
1819,0.0,0.0,0.0,0.0,0.0,0.0,0.0,0.0,0.0,0.0,0.0
1820,0.0,0.0,0.0,0.0,0.0,0.0,0.0,0.0,0.0,0.0,0.0
1821,0.0,0.0,0.0,0.0,0.0,0.0,0.0,0.0,0.0,0.0,0.0
1822,0.0,0.0,0.0,0.0,0.0,0.0,0.0,0.0,0.0,0.0,0.0
1823,0.0,0.0,0.0,0.0,0.0,0.0,0.0,0.0,0.0,0.0,0.0
1824,0.0,0.0,0.0,0.0,0.0,0.0,0.0,0.0,0.0,0.0,0.0
1825,0.0,0.0,0.0,0.0,0.0,0.0,0.0,0.0,0.0,0.0,0.0
1826,0.0,0.0,0.0,0.0,0.0,0.0,0.0,0.0,0.0,0.0,0.0
